"K11n1": [[4,2,5,1], [8,3,9,4], [10,6,11,5], [14,7,15,8], [2,9,3,10], [11,16,12,17], [13,20,14,21], [6,15,7,16], [17,22,18,1], [19,12,20,13], [21,18,22,19]],
"K11a1": [[4,2,5,1], [8,3,9,4], [10,6,11,5], [14,7,15,8], [2,9,3,10], [16,12,17,11], [20,14,21,13], [6,15,7,16], [22,18,1,17], [12,20,13,19], [18,22,19,21]],
"K11a2": [[4,2,5,1], [8,3,9,4], [10,6,11,5], [14,8,15,7], [2,9,3,10], [18,12,19,11], [6,14,7,13], [20,16,21,15], [12,18,13,17], [22,20,1,19], [16,22,17,21]],
"K11n2": [[4,2,5,1], [8,3,9,4], [10,6,11,5], [7,15,8,14], [2,9,3,10], [16,12,17,11], [20,14,21,13], [15,7,16,6], [22,18,1,17], [12,20,13,19], [18,22,19,21]],
"K11a3": [[4,2,5,1], [8,3,9,4], [10,6,11,5], [14,8,15,7], [2,9,3,10], [18,11,19,12], [6,14,7,13], [20,15,21,16], [22,17,1,18], [12,19,13,20], [16,21,17,22]],
"K11n3": [[4,2,5,1], [8,3,9,4], [10,6,11,5], [7,15,8,14], [2,9,3,10], [11,16,12,17], [13,20,14,21], [15,7,16,6], [17,22,18,1], [19,12,20,13], [21,18,22,19]],
"K11a4": [[4,2,5,1], [8,3,9,4], [10,6,11,5], [14,8,15,7], [2,9,3,10], [18,11,19,12], [6,14,7,13], [22,15,1,16], [20,17,21,18], [12,19,13,20], [16,21,17,22]],
"K11n4": [[4,2,5,1], [8,3,9,4], [10,6,11,5], [14,8,15,7], [2,9,3,10], [18,12,19,11], [6,14,7,13], [15,20,16,21], [12,18,13,17], [19,22,20,1], [21,16,22,17]],
"K11a5": [[4,2,5,1], [8,3,9,4], [10,6,11,5], [14,7,15,8], [2,9,3,10], [20,12,21,11], [16,14,17,13], [6,15,7,16], [22,17,1,18], [12,20,13,19], [18,21,19,22]],
"K11n5": [[4,2,5,1], [8,3,9,4], [10,6,11,5], [14,8,15,7], [2,9,3,10], [11,18,12,19], [6,14,7,13], [20,16,21,15], [17,12,18,13], [22,20,1,19], [16,22,17,21]],
"K11n6": [[4,2,5,1], [8,3,9,4], [10,6,11,5], [14,8,15,7], [2,9,3,10], [11,18,12,19], [6,14,7,13], [15,20,16,21], [17,12,18,13], [19,22,20,1], [21,16,22,17]],
"K11a6": [[4,2,5,1], [8,3,9,4], [10,6,11,5], [16,8,17,7], [2,9,3,10], [18,12,19,11], [20,13,21,14], [6,16,7,15], [14,18,15,17], [22,20,1,19], [12,21,13,22]],
"K11a7": [[4,2,5,1], [8,3,9,4], [10,6,11,5], [16,8,17,7], [2,9,3,10], [18,11,19,12], [20,13,21,14], [6,16,7,15], [22,17,1,18], [12,19,13,20], [14,21,15,22]],
"K11n7": [[4,2,5,1], [8,3,9,4], [10,6,11,5], [7,14,8,15], [2,9,3,10], [18,12,19,11], [13,6,14,7], [20,16,21,15], [12,18,13,17], [22,20,1,19], [16,22,17,21]],
"K11a8": [[4,2,5,1], [8,3,9,4], [10,6,11,5], [16,8,17,7], [2,9,3,10], [18,11,19,12], [20,13,21,14], [6,16,7,15], [22,17,1,18], [14,19,15,20], [12,21,13,22]],
"K11n8": [[4,2,5,1], [8,3,9,4], [10,6,11,5], [7,14,8,15], [2,9,3,10], [11,18,12,19], [13,6,14,7], [15,20,16,21], [17,12,18,13], [19,22,20,1], [21,16,22,17]],
"K11n9": [[4,2,5,1], [8,3,9,4], [10,6,11,5], [14,8,15,7], [2,9,3,10], [11,19,12,18], [6,14,7,13], [15,21,16,20], [17,1,18,22], [19,13,20,12], [21,17,22,16]],
"K11a9": [[4,2,5,1], [8,3,9,4], [10,6,11,5], [16,7,17,8], [2,9,3,10], [18,12,19,11], [20,14,21,13], [22,16,1,15], [6,17,7,18], [12,20,13,19], [14,22,15,21]],
"K11a10": [[4,2,5,1], [8,3,9,4], [10,6,11,5], [16,7,17,8], [2,9,3,10], [18,12,19,11], [20,14,21,13], [22,16,1,15], [6,17,7,18], [14,20,15,19], [12,22,13,21]],
"K11n10": [[4,2,5,1], [8,3,9,4], [10,6,11,5], [7,14,8,15], [2,9,3,10], [18,11,19,12], [13,6,14,7], [20,15,21,16], [22,17,1,18], [12,19,13,20], [16,21,17,22]],
"K11a11": [[4,2,5,1], [8,3,9,4], [10,6,11,5], [16,8,17,7], [2,9,3,10], [20,11,21,12], [18,14,19,13], [6,16,7,15], [14,18,15,17], [22,19,1,20], [12,21,13,22]],
"K11n11": [[4,2,5,1], [8,3,9,4], [10,6,11,5], [7,14,8,15], [2,9,3,10], [11,19,12,18], [13,6,14,7], [15,21,16,20], [17,1,18,22], [19,13,20,12], [21,17,22,16]],
"K11a12": [[4,2,5,1], [8,3,9,4], [10,6,11,5], [16,7,17,8], [2,9,3,10], [20,12,21,11], [22,14,1,13], [18,16,19,15], [6,17,7,18], [14,20,15,19], [12,22,13,21]],
"K11n12": [[4,2,5,1], [8,3,9,4], [10,6,11,5], [7,14,8,15], [2,9,3,10], [11,19,12,18], [13,6,14,7], [15,1,16,22], [17,21,18,20], [19,13,20,12], [21,17,22,16]],
"K11a13": [[4,2,5,1], [8,3,9,4], [10,6,11,5], [16,7,17,8], [2,9,3,10], [22,12,1,11], [20,14,21,13], [18,16,19,15], [6,17,7,18], [14,20,15,19], [12,22,13,21]],
"K11n13": [[4,2,5,1], [8,3,9,4], [10,6,11,5], [16,8,17,7], [2,9,3,10], [11,19,12,18], [13,21,14,20], [6,16,7,15], [17,1,18,22], [19,13,20,12], [21,15,22,14]],
"K11n14": [[4,2,5,1], [8,3,9,4], [10,6,11,5], [7,16,8,17], [2,9,3,10], [18,11,19,12], [20,13,21,14], [15,6,16,7], [22,17,1,18], [12,19,13,20], [14,21,15,22]],
"K11a14": [[4,2,5,1], [8,4,9,3], [12,5,13,6], [2,8,3,7], [14,9,15,10], [18,11,19,12], [6,13,7,14], [20,16,21,15], [10,17,11,18], [22,20,1,19], [16,22,17,21]],
"K11n15": [[4,2,5,1], [8,3,9,4], [10,6,11,5], [7,16,8,17], [2,9,3,10], [11,19,12,18], [13,21,14,20], [15,6,16,7], [17,1,18,22], [19,13,20,12], [21,15,22,14]],
"K11a15": [[4,2,5,1], [8,4,9,3], [12,5,13,6], [2,8,3,7], [14,9,15,10], [18,12,19,11], [6,13,7,14], [20,15,21,16], [22,17,1,18], [10,20,11,19], [16,21,17,22]],
"K11n16": [[4,2,5,1], [8,3,9,4], [10,6,11,5], [16,8,17,7], [2,9,3,10], [11,19,12,18], [13,21,14,20], [6,16,7,15], [17,1,18,22], [19,15,20,14], [21,13,22,12]],
"K11a16": [[4,2,5,1], [8,4,9,3], [12,5,13,6], [2,8,3,7], [14,9,15,10], [18,12,19,11], [6,13,7,14], [22,15,1,16], [20,17,21,18], [10,20,11,19], [16,21,17,22]],
"K11n17": [[4,2,5,1], [8,3,9,4], [10,6,11,5], [7,16,8,17], [2,9,3,10], [18,11,19,12], [20,13,21,14], [15,6,16,7], [22,17,1,18], [14,19,15,20], [12,21,13,22]],
"K11a17": [[4,2,5,1], [8,4,9,3], [12,6,13,5], [2,8,3,7], [16,9,17,10], [6,12,7,11], [20,14,21,13], [10,15,11,16], [22,17,1,18], [14,20,15,19], [18,21,19,22]],
"K11n18": [[4,2,5,1], [8,3,9,4], [10,6,11,5], [7,16,8,17], [2,9,3,10], [11,19,12,18], [13,21,14,20], [15,6,16,7], [17,1,18,22], [19,15,20,14], [21,13,22,12]],
"K11a18": [[4,2,5,1], [8,4,9,3], [12,6,13,5], [2,8,3,7], [16,10,17,9], [6,12,7,11], [20,13,21,14], [18,16,19,15], [10,18,11,17], [22,19,1,20], [14,21,15,22]],
"K11n19": [[4,2,5,1], [8,3,9,4], [10,6,11,5], [7,17,8,16], [2,9,3,10], [11,18,12,19], [13,20,14,21], [15,22,16,1], [17,7,18,6], [19,12,20,13], [21,14,22,15]],
"K11a19": [[4,2,5,1], [8,4,9,3], [12,5,13,6], [2,8,3,7], [16,9,17,10], [18,12,19,11], [6,13,7,14], [20,16,21,15], [22,17,1,18], [14,20,15,19], [10,22,11,21]],
"K11n20": [[4,2,5,1], [8,3,9,4], [10,6,11,5], [7,17,8,16], [2,9,3,10], [11,18,12,19], [13,20,14,21], [15,22,16,1], [17,7,18,6], [19,14,20,15], [21,12,22,13]],
"K11a20": [[4,2,5,1], [8,4,9,3], [12,6,13,5], [2,8,3,7], [18,9,19,10], [6,12,7,11], [20,14,21,13], [22,16,1,15], [10,17,11,18], [16,20,17,19], [14,22,15,21]],
"K11n21": [[4,2,5,1], [8,4,9,3], [12,5,13,6], [2,8,3,7], [9,15,10,14], [11,19,12,18], [6,13,7,14], [15,20,16,21], [17,11,18,10], [19,22,20,1], [21,16,22,17]],
"K11a21": [[4,2,5,1], [8,4,9,3], [12,6,13,5], [2,8,3,7], [18,9,19,10], [6,12,7,11], [22,14,1,13], [20,16,21,15], [10,17,11,18], [16,20,17,19], [14,22,15,21]],
"K11a22": [[4,2,5,1], [8,4,9,3], [12,5,13,6], [2,8,3,7], [18,10,19,9], [14,11,15,12], [6,13,7,14], [20,16,21,15], [22,18,1,17], [10,20,11,19], [16,22,17,21]],
"K11n22": [[4,2,5,1], [8,4,9,3], [5,13,6,12], [2,8,3,7], [14,9,15,10], [18,11,19,12], [13,7,14,6], [20,16,21,15], [10,17,11,18], [22,20,1,19], [16,22,17,21]],
"K11a23": [[4,2,5,1], [8,4,9,3], [12,5,13,6], [2,8,3,7], [18,10,19,9], [14,11,15,12], [6,13,7,14], [22,16,1,15], [20,18,21,17], [10,20,11,19], [16,22,17,21]],
"K11n23": [[4,2,5,1], [8,4,9,3], [5,13,6,12], [2,8,3,7], [9,15,10,14], [11,19,12,18], [13,7,14,6], [15,20,16,21], [17,11,18,10], [19,22,20,1], [21,16,22,17]],
"K11n24": [[4,2,5,1], [8,4,9,3], [12,5,13,6], [2,8,3,7], [14,9,15,10], [11,18,12,19], [6,13,7,14], [15,21,16,20], [17,1,18,22], [19,10,20,11], [21,17,22,16]],
"K11a24": [[4,2,5,1], [8,4,9,3], [12,5,13,6], [2,8,3,7], [18,10,19,9], [16,11,17,12], [6,13,7,14], [20,15,21,16], [22,18,1,17], [14,19,15,20], [10,22,11,21]],
"K11a25": [[4,2,5,1], [8,4,9,3], [12,5,13,6], [2,8,3,7], [18,10,19,9], [20,11,21,12], [6,13,7,14], [10,16,11,15], [22,18,1,17], [14,19,15,20], [16,22,17,21]],
"K11n25": [[4,2,5,1], [8,4,9,3], [12,5,13,6], [2,8,3,7], [9,15,10,14], [11,18,12,19], [6,13,7,14], [15,21,16,20], [17,1,18,22], [19,10,20,11], [21,17,22,16]],
"K11a26": [[4,2,5,1], [8,4,9,3], [12,5,13,6], [2,8,3,7], [20,9,21,10], [18,12,19,11], [6,13,7,14], [10,16,11,15], [22,17,1,18], [14,20,15,19], [16,21,17,22]],
"K11n26": [[4,2,5,1], [8,4,9,3], [5,13,6,12], [2,8,3,7], [14,9,15,10], [18,12,19,11], [13,7,14,6], [20,15,21,16], [22,17,1,18], [10,20,11,19], [16,21,17,22]],
"K11a27": [[4,2,5,1], [8,3,9,4], [12,6,13,5], [14,7,15,8], [2,9,3,10], [18,11,19,12], [22,14,1,13], [20,15,21,16], [10,17,11,18], [16,19,17,20], [6,21,7,22]],
"K11n27": [[4,2,5,1], [8,4,9,3], [5,13,6,12], [2,8,3,7], [9,15,10,14], [11,18,12,19], [13,7,14,6], [15,21,16,20], [17,1,18,22], [19,10,20,11], [21,17,22,16]],
"K11a28": [[4,2,5,1], [8,3,9,4], [12,6,13,5], [16,7,17,8], [2,9,3,10], [18,11,19,12], [20,14,21,13], [22,16,1,15], [10,17,11,18], [6,19,7,20], [14,22,15,21]],
"K11n28": [[4,2,5,1], [8,4,9,3], [12,5,13,6], [2,8,3,7], [9,15,10,14], [11,18,12,19], [6,13,7,14], [15,1,16,22], [17,21,18,20], [19,10,20,11], [21,17,22,16]],
"K11a29": [[4,2,5,1], [8,3,9,4], [12,6,13,5], [16,7,17,8], [2,9,3,10], [18,11,19,12], [22,14,1,13], [20,16,21,15], [10,17,11,18], [6,19,7,20], [14,22,15,21]],
"K11n29": [[4,2,5,1], [8,4,9,3], [5,13,6,12], [2,8,3,7], [14,9,15,10], [18,12,19,11], [13,7,14,6], [22,15,1,16], [20,17,21,18], [10,20,11,19], [16,21,17,22]],
"K11a30": [[4,2,5,1], [8,3,9,4], [12,6,13,5], [18,8,19,7], [2,9,3,10], [16,12,17,11], [20,13,21,14], [6,16,7,15], [10,18,11,17], [22,19,1,20], [14,21,15,22]],
"K11n30": [[4,2,5,1], [8,4,9,3], [5,13,6,12], [2,8,3,7], [9,15,10,14], [11,18,12,19], [13,7,14,6], [15,1,16,22], [17,21,18,20], [19,10,20,11], [21,17,22,16]],
"K11n31": [[4,2,5,1], [8,4,9,3], [12,6,13,5], [2,8,3,7], [9,17,10,16], [6,12,7,11], [13,20,14,21], [15,11,16,10], [17,1,18,22], [19,14,20,15], [21,19,22,18]],
"K11a31": [[4,2,5,1], [8,4,9,3], [14,6,15,5], [2,8,3,7], [16,10,17,9], [18,11,19,12], [6,14,7,13], [22,16,1,15], [20,18,21,17], [10,19,11,20], [12,22,13,21]],
"K11a32": [[4,2,5,1], [8,4,9,3], [14,6,15,5], [2,8,3,7], [16,10,17,9], [18,11,19,12], [6,14,7,13], [22,16,1,15], [20,17,21,18], [12,19,13,20], [10,22,11,21]],
"K11n32": [[4,2,5,1], [8,4,9,3], [5,12,6,13], [2,8,3,7], [16,9,17,10], [11,6,12,7], [20,14,21,13], [10,15,11,16], [22,17,1,18], [14,20,15,19], [18,21,19,22]],
"K11a33": [[4,2,5,1], [8,4,9,3], [14,5,15,6], [2,8,3,7], [16,9,17,10], [18,11,19,12], [20,14,21,13], [6,15,7,16], [10,17,11,18], [22,19,1,20], [12,22,13,21]],
"K11n33": [[4,2,5,1], [8,4,9,3], [5,12,6,13], [2,8,3,7], [9,17,10,16], [11,6,12,7], [13,20,14,21], [15,11,16,10], [17,1,18,22], [19,14,20,15], [21,19,22,18]],
"K11n34": [[4,2,5,1], [8,4,9,3], [12,5,13,6], [2,8,3,7], [9,17,10,16], [11,18,12,19], [6,13,7,14], [15,20,16,21], [17,1,18,22], [19,14,20,15], [21,10,22,11]],
"K11a34": [[4,2,5,1], [8,4,9,3], [14,5,15,6], [2,8,3,7], [16,9,17,10], [18,12,19,11], [20,14,21,13], [6,15,7,16], [22,17,1,18], [12,20,13,19], [10,22,11,21]],
"K11a35": [[4,2,5,1], [8,4,9,3], [14,5,15,6], [2,8,3,7], [16,9,17,10], [18,12,19,11], [22,13,1,14], [6,15,7,16], [20,18,21,17], [12,20,13,19], [10,21,11,22]],
"K11n35": [[4,2,5,1], [8,4,9,3], [5,13,6,12], [2,8,3,7], [16,9,17,10], [18,12,19,11], [13,7,14,6], [20,16,21,15], [22,17,1,18], [14,20,15,19], [10,22,11,21]],
"K11a36": [[4,2,5,1], [8,4,9,3], [14,6,15,5], [2,8,3,7], [16,9,17,10], [20,11,21,12], [6,14,7,13], [12,15,13,16], [22,17,1,18], [10,19,11,20], [18,21,19,22]],
"K11n36": [[4,2,5,1], [8,4,9,3], [5,13,6,12], [2,8,3,7], [9,17,10,16], [11,18,12,19], [13,7,14,6], [15,20,16,21], [17,1,18,22], [19,14,20,15], [21,10,22,11]],
"K11a37": [[4,2,5,1], [8,4,9,3], [14,5,15,6], [2,8,3,7], [16,9,17,10], [20,12,21,11], [18,14,19,13], [6,15,7,16], [22,17,1,18], [12,20,13,19], [10,22,11,21]],
"K11n37": [[4,2,5,1], [8,4,9,3], [5,12,6,13], [2,8,3,7], [9,19,10,18], [11,6,12,7], [13,20,14,21], [15,22,16,1], [17,11,18,10], [19,16,20,17], [21,14,22,15]],
"K11a38": [[4,2,5,1], [8,4,9,3], [14,5,15,6], [2,8,3,7], [18,9,19,10], [16,11,17,12], [20,14,21,13], [6,15,7,16], [10,17,11,18], [22,19,1,20], [12,22,13,21]],
"K11n38": [[4,2,5,1], [8,4,9,3], [5,12,6,13], [2,8,3,7], [9,19,10,18], [11,6,12,7], [13,22,14,1], [15,20,16,21], [17,11,18,10], [19,16,20,17], [21,14,22,15]],
"K11n39": [[4,2,5,1], [8,4,9,3], [12,5,13,6], [2,8,3,7], [9,18,10,19], [11,17,12,16], [6,13,7,14], [15,21,16,20], [17,22,18,1], [19,15,20,14], [21,10,22,11]],
"K11a39": [[4,2,5,1], [8,4,9,3], [14,6,15,5], [2,8,3,7], [18,9,19,10], [20,11,21,12], [6,14,7,13], [22,16,1,15], [12,17,13,18], [10,19,11,20], [16,22,17,21]],
"K11a40": [[4,2,5,1], [8,4,9,3], [14,5,15,6], [2,8,3,7], [18,10,19,9], [20,12,21,11], [16,13,17,14], [6,15,7,16], [22,18,1,17], [10,20,11,19], [12,22,13,21]],
"K11n40": [[4,2,5,1], [8,4,9,3], [5,13,6,12], [2,8,3,7], [18,10,19,9], [16,11,17,12], [13,7,14,6], [20,15,21,16], [22,18,1,17], [14,19,15,20], [10,22,11,21]],
"K11a41": [[4,2,5,1], [8,4,9,3], [14,5,15,6], [2,8,3,7], [18,10,19,9], [20,12,21,11], [16,13,17,14], [6,15,7,16], [22,18,1,17], [12,20,13,19], [10,22,11,21]],
"K11n41": [[4,2,5,1], [8,4,9,3], [5,13,6,12], [2,8,3,7], [9,18,10,19], [11,17,12,16], [13,7,14,6], [15,21,16,20], [17,22,18,1], [19,15,20,14], [21,10,22,11]],
"K11n42": [[4,2,5,1], [8,4,9,3], [12,5,13,6], [2,8,3,7], [9,18,10,19], [11,21,12,20], [6,13,7,14], [15,10,16,11], [17,22,18,1], [19,15,20,14], [21,16,22,17]],
"K11a42": [[4,2,5,1], [8,4,9,3], [14,6,15,5], [2,8,3,7], [20,9,21,10], [16,11,17,12], [6,14,7,13], [12,15,13,16], [22,18,1,17], [10,19,11,20], [18,22,19,21]],
"K11a43": [[4,2,5,1], [8,4,9,3], [14,6,15,5], [2,8,3,7], [20,10,21,9], [16,12,17,11], [6,14,7,13], [18,16,19,15], [12,18,13,17], [22,20,1,19], [10,22,11,21]],
"K11n43": [[4,2,5,1], [8,4,9,3], [5,13,6,12], [2,8,3,7], [18,10,19,9], [20,11,21,12], [13,7,14,6], [10,16,11,15], [22,18,1,17], [14,19,15,20], [16,22,17,21]],
"K11a44": [[4,2,5,1], [8,4,9,3], [14,5,15,6], [2,8,3,7], [20,10,21,9], [16,11,17,12], [18,13,19,14], [6,15,7,16], [12,17,13,18], [22,20,1,19], [10,22,11,21]],
"K11n44": [[4,2,5,1], [8,4,9,3], [5,13,6,12], [2,8,3,7], [9,18,10,19], [11,21,12,20], [13,7,14,6], [15,10,16,11], [17,22,18,1], [19,15,20,14], [21,16,22,17]],
"K11n45": [[4,2,5,1], [8,4,9,3], [12,5,13,6], [2,8,3,7], [9,21,10,20], [11,18,12,19], [6,13,7,14], [15,10,16,11], [17,1,18,22], [19,14,20,15], [21,17,22,16]],
"K11a45": [[4,2,5,1], [8,4,9,3], [14,6,15,5], [2,8,3,7], [20,9,21,10], [18,11,19,12], [6,14,7,13], [22,16,1,15], [12,17,13,18], [10,19,11,20], [16,22,17,21]],
"K11a46": [[4,2,5,1], [8,4,9,3], [14,5,15,6], [2,8,3,7], [20,10,21,9], [18,11,19,12], [16,13,17,14], [6,15,7,16], [12,17,13,18], [22,20,1,19], [10,22,11,21]],
"K11n46": [[4,2,5,1], [8,4,9,3], [5,13,6,12], [2,8,3,7], [20,9,21,10], [18,12,19,11], [13,7,14,6], [10,16,11,15], [22,17,1,18], [14,20,15,19], [16,21,17,22]],
"K11a47": [[4,2,5,1], [8,4,9,3], [14,5,15,6], [2,8,3,7], [20,9,21,10], [22,11,1,12], [18,14,19,13], [6,15,7,16], [12,18,13,17], [16,20,17,19], [10,21,11,22]],
"K11n47": [[4,2,5,1], [8,4,9,3], [5,13,6,12], [2,8,3,7], [9,21,10,20], [11,18,12,19], [13,7,14,6], [15,10,16,11], [17,1,18,22], [19,14,20,15], [21,17,22,16]],
"K11a48": [[4,2,5,1], [8,3,9,4], [14,5,15,6], [10,8,11,7], [2,9,3,10], [16,11,17,12], [20,13,21,14], [6,15,7,16], [22,17,1,18], [12,19,13,20], [18,21,19,22]],
"K11n48": [[4,2,5,1], [8,3,9,4], [5,12,6,13], [7,17,8,16], [2,9,3,10], [11,19,12,18], [13,20,14,21], [15,22,16,1], [17,11,18,10], [19,7,20,6], [21,14,22,15]],
"K11a49": [[4,2,5,1], [8,3,9,4], [14,6,15,5], [10,8,11,7], [2,9,3,10], [18,12,19,11], [6,14,7,13], [20,16,21,15], [22,18,1,17], [12,20,13,19], [16,22,17,21]],
"K11n49": [[4,2,5,1], [8,3,9,4], [5,12,6,13], [7,17,8,16], [2,9,3,10], [11,19,12,18], [13,22,14,1], [15,20,16,21], [17,11,18,10], [19,7,20,6], [21,14,22,15]],
"K11a50": [[4,2,5,1], [8,3,9,4], [14,6,15,5], [10,8,11,7], [2,9,3,10], [18,12,19,11], [6,14,7,13], [22,16,1,15], [20,18,21,17], [12,20,13,19], [16,22,17,21]],
"K11n50": [[4,2,5,1], [8,3,9,4], [5,12,6,13], [7,18,8,19], [2,9,3,10], [11,16,12,17], [13,21,14,20], [15,6,16,7], [17,10,18,11], [19,1,20,22], [21,15,22,14]],
"K11a51": [[4,2,5,1], [8,3,9,4], [14,5,15,6], [10,8,11,7], [2,9,3,10], [20,11,21,12], [16,13,17,14], [6,15,7,16], [22,18,1,17], [12,19,13,20], [18,22,19,21]],
"K11n51": [[4,2,5,1], [8,4,9,3], [14,6,15,5], [2,8,3,7], [9,16,10,17], [11,19,12,18], [6,14,7,13], [15,22,16,1], [17,20,18,21], [19,11,20,10], [21,12,22,13]],
"K11a52": [[4,2,5,1], [8,3,9,4], [14,5,15,6], [12,8,13,7], [2,9,3,10], [18,12,19,11], [22,13,1,14], [20,16,21,15], [10,18,11,17], [16,20,17,19], [6,21,7,22]],
"K11n52": [[4,2,5,1], [8,4,9,3], [5,14,6,15], [2,8,3,7], [16,10,17,9], [18,11,19,12], [13,6,14,7], [22,16,1,15], [20,18,21,17], [10,19,11,20], [12,22,13,21]],
"K11a53": [[4,2,5,1], [8,3,9,4], [14,6,15,5], [16,7,17,8], [2,9,3,10], [18,11,19,12], [20,13,21,14], [22,16,1,15], [10,17,11,18], [12,19,13,20], [6,21,7,22]],
"K11n53": [[4,2,5,1], [8,4,9,3], [5,14,6,15], [2,8,3,7], [9,16,10,17], [11,19,12,18], [13,6,14,7], [15,22,16,1], [17,20,18,21], [19,11,20,10], [21,12,22,13]],
"K11a54": [[4,2,5,1], [8,3,9,4], [14,6,15,5], [16,7,17,8], [2,9,3,10], [18,11,19,12], [20,13,21,14], [22,16,1,15], [12,17,13,18], [10,19,11,20], [6,21,7,22]],
"K11n54": [[4,2,5,1], [8,4,9,3], [14,6,15,5], [2,8,3,7], [9,16,10,17], [11,19,12,18], [6,14,7,13], [15,22,16,1], [17,21,18,20], [19,13,20,12], [21,10,22,11]],
"K11a55": [[4,2,5,1], [8,4,9,3], [16,6,17,5], [2,8,3,7], [18,9,19,10], [20,11,21,12], [22,13,1,14], [6,16,7,15], [14,17,15,18], [10,19,11,20], [12,21,13,22]],
"K11n55": [[4,2,5,1], [8,4,9,3], [5,14,6,15], [2,8,3,7], [16,10,17,9], [18,11,19,12], [13,6,14,7], [22,16,1,15], [20,17,21,18], [12,19,13,20], [10,22,11,21]],
"K11a56": [[4,2,5,1], [8,4,9,3], [16,6,17,5], [2,8,3,7], [18,9,19,10], [20,11,21,12], [22,13,1,14], [6,16,7,15], [14,17,15,18], [12,19,13,20], [10,21,11,22]],
"K11n56": [[4,2,5,1], [8,4,9,3], [5,14,6,15], [2,8,3,7], [9,16,10,17], [11,19,12,18], [13,6,14,7], [15,22,16,1], [17,21,18,20], [19,13,20,12], [21,10,22,11]],
"K11a57": [[4,2,5,1], [8,4,9,3], [16,6,17,5], [2,8,3,7], [20,9,21,10], [22,11,1,12], [18,13,19,14], [6,16,7,15], [12,17,13,18], [14,19,15,20], [10,21,11,22]],
"K11n57": [[4,2,5,1], [8,4,9,3], [5,15,6,14], [2,8,3,7], [9,17,10,16], [11,19,12,18], [13,20,14,21], [15,7,16,6], [17,11,18,10], [19,1,20,22], [21,12,22,13]],
"K11n58": [[4,2,5,1], [8,4,9,3], [14,5,15,6], [2,8,3,7], [9,17,10,16], [11,18,12,19], [13,20,14,21], [6,15,7,16], [17,1,18,22], [19,12,20,13], [21,10,22,11]],
"K11a58": [[4,2,5,1], [8,4,9,3], [16,6,17,5], [2,8,3,7], [20,9,21,10], [22,11,1,12], [18,13,19,14], [6,16,7,15], [14,17,15,18], [12,19,13,20], [10,21,11,22]],
"K11a59": [[4,2,5,1], [8,4,9,3], [16,6,17,5], [2,8,3,7], [22,9,1,10], [20,11,21,12], [18,13,19,14], [6,16,7,15], [14,17,15,18], [12,19,13,20], [10,21,11,22]],
"K11n59": [[4,2,5,1], [8,4,9,3], [5,15,6,14], [2,8,3,7], [16,9,17,10], [18,12,19,11], [20,14,21,13], [15,7,16,6], [22,17,1,18], [12,20,13,19], [10,22,11,21]],
"K11a60": [[4,2,5,1], [8,3,9,4], [16,6,17,5], [10,8,11,7], [2,9,3,10], [18,12,19,11], [20,14,21,13], [6,16,7,15], [22,18,1,17], [12,20,13,19], [14,22,15,21]],
"K11n60": [[4,2,5,1], [8,4,9,3], [5,15,6,14], [2,8,3,7], [9,17,10,16], [11,18,12,19], [13,20,14,21], [15,7,16,6], [17,1,18,22], [19,12,20,13], [21,10,22,11]],
"K11a61": [[4,2,5,1], [8,3,9,4], [16,6,17,5], [10,8,11,7], [2,9,3,10], [18,12,19,11], [20,14,21,13], [6,16,7,15], [22,18,1,17], [14,20,15,19], [12,22,13,21]],
"K11n61": [[4,2,5,1], [8,4,9,3], [5,15,6,14], [2,8,3,7], [9,17,10,16], [11,18,12,19], [13,1,14,22], [15,7,16,6], [17,20,18,21], [19,12,20,13], [21,11,22,10]],
"K11a62": [[4,2,5,1], [8,3,9,4], [16,5,17,6], [10,8,11,7], [2,9,3,10], [18,11,19,12], [20,13,21,14], [22,15,1,16], [6,17,7,18], [12,19,13,20], [14,21,15,22]],
"K11n62": [[4,2,5,1], [8,4,9,3], [14,5,15,6], [2,8,3,7], [9,17,10,16], [11,20,12,21], [13,18,14,19], [6,15,7,16], [17,1,18,22], [19,12,20,13], [21,10,22,11]],
"K11a63": [[4,2,5,1], [8,3,9,4], [16,5,17,6], [10,8,11,7], [2,9,3,10], [18,11,19,12], [20,13,21,14], [22,15,1,16], [6,17,7,18], [14,19,15,20], [12,21,13,22]],
"K11n63": [[4,2,5,1], [8,4,9,3], [5,15,6,14], [2,8,3,7], [16,9,17,10], [20,12,21,11], [18,14,19,13], [15,7,16,6], [22,17,1,18], [12,20,13,19], [10,22,11,21]],
"K11a64": [[4,2,5,1], [8,3,9,4], [16,5,17,6], [10,8,11,7], [2,9,3,10], [20,11,21,12], [22,13,1,14], [18,15,19,16], [6,17,7,18], [14,19,15,20], [12,21,13,22]],
"K11n64": [[4,2,5,1], [8,4,9,3], [5,15,6,14], [2,8,3,7], [9,17,10,16], [11,20,12,21], [13,18,14,19], [15,7,16,6], [17,1,18,22], [19,12,20,13], [21,10,22,11]],
"K11a65": [[4,2,5,1], [8,3,9,4], [16,5,17,6], [10,8,11,7], [2,9,3,10], [22,11,1,12], [20,13,21,14], [18,15,19,16], [6,17,7,18], [14,19,15,20], [12,21,13,22]],
"K11n65": [[4,2,5,1], [8,4,9,3], [14,5,15,6], [2,8,3,7], [18,9,19,10], [16,11,17,12], [13,20,14,21], [6,15,7,16], [10,17,11,18], [19,1,20,22], [21,12,22,13]],
"K11a66": [[4,2,5,1], [8,3,9,4], [16,5,17,6], [12,8,13,7], [2,9,3,10], [18,12,19,11], [20,13,21,14], [22,15,1,16], [10,18,11,17], [6,19,7,20], [14,21,15,22]],
"K11n66": [[4,2,5,1], [8,4,9,3], [14,5,15,6], [2,8,3,7], [9,19,10,18], [11,17,12,16], [20,14,21,13], [6,15,7,16], [17,11,18,10], [22,19,1,20], [12,22,13,21]],
"K11a67": [[4,2,5,1], [8,3,9,4], [16,5,17,6], [12,8,13,7], [2,9,3,10], [18,12,19,11], [22,13,1,14], [20,15,21,16], [10,18,11,17], [6,19,7,20], [14,21,15,22]],
"K11n67": [[4,2,5,1], [8,4,9,3], [14,5,15,6], [2,8,3,7], [9,19,10,18], [11,17,12,16], [13,20,14,21], [6,15,7,16], [17,11,18,10], [19,1,20,22], [21,12,22,13]],
"K11a68": [[4,2,5,1], [8,3,9,4], [16,5,17,6], [14,8,15,7], [2,9,3,10], [18,12,19,11], [20,14,21,13], [22,15,1,16], [10,18,11,17], [12,20,13,19], [6,21,7,22]],
"K11n68": [[4,2,5,1], [8,4,9,3], [5,15,6,14], [2,8,3,7], [18,9,19,10], [16,11,17,12], [20,14,21,13], [15,7,16,6], [10,17,11,18], [22,19,1,20], [12,22,13,21]],
"K11a69": [[4,2,5,1], [8,3,9,4], [16,5,17,6], [14,8,15,7], [2,9,3,10], [18,12,19,11], [20,14,21,13], [22,15,1,16], [12,18,13,17], [10,20,11,19], [6,21,7,22]],
"K11n69": [[4,2,5,1], [8,4,9,3], [5,15,6,14], [2,8,3,7], [9,19,10,18], [11,17,12,16], [13,20,14,21], [15,7,16,6], [17,11,18,10], [19,1,20,22], [21,12,22,13]],
"K11a70": [[4,2,5,1], [8,3,9,4], [18,6,19,5], [12,8,13,7], [2,9,3,10], [16,11,17,12], [20,14,21,13], [6,16,7,15], [10,17,11,18], [22,20,1,19], [14,22,15,21]],
"K11n70": [[4,2,5,1], [8,4,9,3], [5,14,6,15], [2,8,3,7], [9,19,10,18], [11,21,12,20], [13,6,14,7], [15,22,16,1], [17,13,18,12], [19,11,20,10], [21,16,22,17]],
"K11a71": [[4,2,5,1], [10,4,11,3], [12,5,13,6], [14,8,15,7], [2,10,3,9], [22,11,1,12], [18,13,19,14], [20,16,21,15], [6,18,7,17], [8,19,9,20], [16,22,17,21]],
"K11n71": [[4,2,5,1], [8,4,9,3], [14,6,15,5], [2,8,3,7], [9,20,10,21], [16,12,17,11], [6,14,7,13], [18,16,19,15], [12,18,13,17], [19,22,20,1], [21,10,22,11]],
"K11a72": [[4,2,5,1], [10,4,11,3], [12,5,13,6], [14,8,15,7], [2,10,3,9], [22,11,1,12], [18,14,19,13], [20,15,21,16], [8,18,9,17], [6,19,7,20], [16,21,17,22]],
"K11n72": [[4,2,5,1], [8,4,9,3], [5,14,6,15], [2,8,3,7], [20,10,21,9], [16,12,17,11], [13,6,14,7], [18,16,19,15], [12,18,13,17], [22,20,1,19], [10,22,11,21]],
"K11a73": [[4,2,5,1], [10,3,11,4], [12,6,13,5], [14,7,15,8], [16,10,17,9], [2,11,3,12], [18,13,19,14], [20,16,21,15], [22,17,1,18], [6,20,7,19], [8,21,9,22]],
"K11n73": [[4,2,5,1], [8,4,9,3], [5,14,6,15], [2,8,3,7], [20,10,21,9], [11,16,12,17], [13,6,14,7], [15,18,16,19], [17,12,18,13], [22,20,1,19], [10,22,11,21]],
"K11a74": [[4,2,5,1], [10,3,11,4], [12,6,13,5], [14,8,15,7], [18,9,19,10], [2,11,3,12], [6,14,7,13], [20,16,21,15], [22,18,1,17], [8,19,9,20], [16,22,17,21]],
"K11n74": [[4,2,5,1], [8,4,9,3], [5,14,6,15], [2,8,3,7], [9,20,10,21], [16,12,17,11], [13,6,14,7], [18,16,19,15], [12,18,13,17], [19,22,20,1], [21,10,22,11]],
"K11a75": [[4,2,5,1], [10,3,11,4], [12,6,13,5], [14,8,15,7], [18,9,19,10], [2,11,3,12], [6,14,7,13], [22,16,1,15], [20,18,21,17], [8,19,9,20], [16,22,17,21]],
"K11n75": [[4,2,5,1], [8,4,9,3], [5,14,6,15], [2,8,3,7], [9,20,10,21], [11,16,12,17], [13,6,14,7], [15,18,16,19], [17,12,18,13], [19,22,20,1], [21,10,22,11]],
"K11a76": [[4,2,5,1], [10,3,11,4], [12,6,13,5], [14,7,15,8], [18,9,19,10], [2,11,3,12], [20,14,21,13], [8,15,9,16], [22,18,1,17], [6,19,7,20], [16,22,17,21]],
"K11n76": [[4,2,5,1], [8,4,9,3], [14,5,15,6], [2,8,3,7], [9,20,10,21], [16,11,17,12], [18,13,19,14], [6,15,7,16], [12,17,13,18], [19,22,20,1], [21,10,22,11]],
"K11a77": [[4,2,5,1], [10,3,11,4], [12,6,13,5], [14,7,15,8], [18,9,19,10], [2,11,3,12], [22,14,1,13], [20,15,21,16], [8,17,9,18], [16,19,17,20], [6,21,7,22]],
"K11n77": [[4,2,5,1], [8,4,9,3], [5,15,6,14], [2,8,3,7], [20,10,21,9], [11,17,12,16], [13,19,14,18], [15,7,16,6], [17,13,18,12], [22,20,1,19], [10,22,11,21]],
"K11a78": [[4,2,5,1], [10,3,11,4], [12,6,13,5], [14,7,15,8], [20,10,21,9], [2,11,3,12], [16,14,17,13], [6,15,7,16], [22,18,1,17], [8,20,9,19], [18,22,19,21]],
"K11n78": [[4,2,5,1], [8,4,9,3], [5,15,6,14], [2,8,3,7], [9,20,10,21], [11,17,12,16], [13,19,14,18], [15,7,16,6], [17,13,18,12], [19,22,20,1], [21,10,22,11]],
"K11a79": [[4,2,5,1], [10,3,11,4], [12,6,13,5], [14,7,15,8], [20,10,21,9], [2,11,3,12], [18,13,19,14], [8,15,9,16], [22,17,1,18], [6,20,7,19], [16,21,17,22]],
"K11n79": [[4,2,5,1], [8,4,9,3], [5,14,6,15], [2,8,3,7], [9,21,10,20], [11,19,12,18], [13,6,14,7], [15,22,16,1], [17,13,18,12], [19,11,20,10], [21,16,22,17]],
"K11a80": [[4,2,5,1], [10,3,11,4], [12,6,13,5], [14,7,15,8], [22,10,1,9], [2,11,3,12], [18,14,19,13], [20,15,21,16], [6,17,7,18], [8,20,9,19], [16,21,17,22]],
"K11n80": [[4,2,5,1], [8,3,9,4], [14,6,15,5], [10,8,11,7], [2,9,3,10], [11,18,12,19], [6,14,7,13], [15,20,16,21], [17,22,18,1], [19,12,20,13], [21,16,22,17]],
"K11a81": [[4,2,5,1], [10,3,11,4], [12,6,13,5], [14,7,15,8], [22,10,1,9], [2,11,3,12], [18,13,19,14], [20,16,21,15], [8,17,9,18], [6,20,7,19], [16,22,17,21]],
"K11n81": [[4,2,5,1], [8,4,9,3], [5,16,6,17], [2,8,3,7], [9,21,10,20], [11,1,12,22], [13,19,14,18], [15,6,16,7], [17,13,18,12], [19,15,20,14], [21,11,22,10]],
"K11a82": [[4,2,5,1], [10,4,11,3], [12,5,13,6], [16,8,17,7], [2,10,3,9], [22,11,1,12], [18,13,19,14], [20,15,21,16], [6,18,7,17], [14,19,15,20], [8,21,9,22]],
"K11n82": [[4,2,5,1], [8,3,9,4], [5,17,6,16], [7,12,8,13], [2,9,3,10], [11,18,12,19], [13,21,14,20], [15,1,16,22], [17,10,18,11], [19,7,20,6], [21,15,22,14]],
"K11a83": [[4,2,5,1], [10,4,11,3], [12,5,13,6], [16,8,17,7], [2,10,3,9], [22,11,1,12], [18,14,19,13], [20,16,21,15], [8,18,9,17], [14,20,15,19], [6,21,7,22]],
"K11n83": [[4,2,5,1], [8,3,9,4], [5,17,6,16], [7,12,8,13], [2,9,3,10], [11,18,12,19], [13,1,14,22], [15,21,16,20], [17,10,18,11], [19,7,20,6], [21,15,22,14]],
"K11a84": [[4,2,5,1], [10,4,11,3], [12,5,13,6], [16,8,17,7], [2,10,3,9], [22,11,1,12], [20,13,21,14], [18,15,19,16], [6,18,7,17], [14,19,15,20], [8,21,9,22]],
"K11n84": [[4,2,5,1], [8,3,9,4], [5,18,6,19], [7,12,8,13], [2,9,3,10], [11,17,12,16], [13,20,14,21], [15,6,16,7], [17,11,18,10], [19,22,20,1], [21,14,22,15]],
"K11n85": [[4,2,5,1], [10,3,11,4], [12,6,13,5], [7,15,8,14], [16,10,17,9], [2,11,3,12], [13,19,14,18], [20,16,21,15], [22,17,1,18], [19,6,20,7], [8,21,9,22]],
"K11a85": [[4,2,5,1], [10,4,11,3], [12,5,13,6], [16,8,17,7], [2,10,3,9], [22,11,1,12], [20,14,21,13], [18,16,19,15], [8,18,9,17], [14,20,15,19], [6,21,7,22]],
"K11a86": [[4,2,5,1], [10,3,11,4], [12,6,13,5], [16,8,17,7], [18,10,19,9], [2,11,3,12], [20,13,21,14], [6,16,7,15], [8,18,9,17], [22,19,1,20], [14,21,15,22]],
"K11n86": [[4,2,5,1], [10,3,11,4], [12,6,13,5], [7,15,8,14], [9,16,10,17], [2,11,3,12], [13,19,14,18], [15,20,16,21], [17,1,18,22], [19,6,20,7], [21,9,22,8]],
"K11n87": [[4,2,5,1], [10,3,11,4], [12,6,13,5], [14,7,15,8], [18,9,19,10], [2,11,3,12], [20,14,21,13], [8,15,9,16], [17,22,18,1], [6,19,7,20], [21,16,22,17]],
"K11a87": [[4,2,5,1], [10,3,11,4], [12,6,13,5], [16,8,17,7], [18,10,19,9], [2,11,3,12], [20,13,21,14], [8,16,9,15], [6,18,7,17], [22,19,1,20], [14,21,15,22]],
"K11a88": [[4,2,5,1], [10,3,11,4], [12,6,13,5], [16,7,17,8], [18,9,19,10], [2,11,3,12], [20,14,21,13], [22,16,1,15], [8,17,9,18], [6,19,7,20], [14,22,15,21]],
"K11n88": [[4,2,5,1], [10,3,11,4], [12,6,13,5], [16,8,17,7], [18,10,19,9], [2,11,3,12], [13,21,14,20], [6,16,7,15], [8,18,9,17], [19,1,20,22], [21,15,22,14]],
"K11a89": [[4,2,5,1], [10,3,11,4], [12,6,13,5], [16,8,17,7], [18,9,19,10], [2,11,3,12], [22,14,1,13], [6,16,7,15], [20,18,21,17], [8,19,9,20], [14,22,15,21]],
"K11n89": [[4,2,5,1], [10,3,11,4], [12,6,13,5], [7,16,8,17], [9,18,10,19], [2,11,3,12], [20,13,21,14], [15,6,16,7], [17,8,18,9], [22,19,1,20], [14,21,15,22]],
"K11a90": [[4,2,5,1], [10,3,11,4], [12,6,13,5], [16,7,17,8], [18,9,19,10], [2,11,3,12], [22,14,1,13], [20,16,21,15], [8,17,9,18], [6,19,7,20], [14,22,15,21]],
"K11n90": [[4,2,5,1], [10,3,11,4], [12,6,13,5], [16,8,17,7], [18,10,19,9], [2,11,3,12], [13,21,14,20], [8,16,9,15], [6,18,7,17], [19,1,20,22], [21,15,22,14]],
"K11a91": [[4,2,5,1], [10,3,11,4], [12,6,13,5], [16,7,17,8], [20,10,21,9], [2,11,3,12], [22,14,1,13], [18,15,19,16], [8,17,9,18], [6,20,7,19], [14,22,15,21]],
"K11n91": [[4,2,5,1], [10,3,11,4], [12,6,13,5], [7,16,8,17], [9,18,10,19], [2,11,3,12], [20,13,21,14], [15,8,16,9], [17,6,18,7], [22,19,1,20], [14,21,15,22]],
"K11a92": [[4,2,5,1], [10,3,11,4], [12,6,13,5], [16,7,17,8], [22,10,1,9], [2,11,3,12], [18,13,19,14], [20,15,21,16], [8,17,9,18], [14,19,15,20], [6,22,7,21]],
"K11n92": [[4,2,5,1], [10,3,11,4], [12,6,13,5], [7,20,8,21], [9,16,10,17], [2,11,3,12], [13,19,14,18], [15,8,16,9], [17,1,18,22], [19,6,20,7], [21,15,22,14]],
"K11a93": [[4,2,5,1], [10,3,11,4], [12,6,13,5], [16,7,17,8], [22,10,1,9], [2,11,3,12], [20,13,21,14], [18,15,19,16], [8,17,9,18], [14,19,15,20], [6,22,7,21]],
"K11n93": [[4,2,5,1], [10,4,11,3], [14,6,15,5], [7,13,8,12], [2,10,3,9], [11,21,12,20], [18,14,19,13], [22,16,1,15], [6,18,7,17], [19,9,20,8], [16,22,17,21]],
"K11a94": [[4,2,5,1], [10,4,11,3], [12,6,13,5], [18,8,19,7], [2,10,3,9], [8,12,9,11], [20,14,21,13], [22,16,1,15], [6,18,7,17], [16,20,17,19], [14,22,15,21]],
"K11n94": [[4,2,5,1], [10,4,11,3], [14,6,15,5], [12,7,13,8], [2,10,3,9], [20,11,21,12], [18,14,19,13], [15,22,16,1], [6,18,7,17], [8,19,9,20], [21,16,22,17]],
"K11a95": [[4,2,5,1], [10,4,11,3], [12,6,13,5], [18,8,19,7], [2,10,3,9], [8,12,9,11], [22,14,1,13], [20,16,21,15], [6,18,7,17], [16,20,17,19], [14,22,15,21]],
"K11n95": [[4,2,5,1], [10,4,11,3], [14,6,15,5], [7,13,8,12], [2,10,3,9], [11,21,12,20], [18,14,19,13], [15,22,16,1], [6,18,7,17], [19,9,20,8], [21,16,22,17]],
"K11a96": [[4,2,5,1], [10,3,11,4], [12,6,13,5], [18,7,19,8], [14,9,15,10], [2,11,3,12], [22,14,1,13], [8,15,9,16], [20,18,21,17], [6,19,7,20], [16,22,17,21]],
"K11n96": [[4,2,5,1], [10,4,11,3], [5,14,6,15], [7,13,8,12], [2,10,3,9], [11,21,12,20], [13,18,14,19], [15,22,16,1], [17,6,18,7], [19,9,20,8], [21,16,22,17]],
"K11a97": [[4,2,5,1], [10,3,11,4], [12,6,13,5], [18,7,19,8], [16,9,17,10], [2,11,3,12], [20,14,21,13], [22,16,1,15], [8,17,9,18], [6,19,7,20], [14,22,15,21]],
"K11n97": [[4,2,5,1], [10,3,11,4], [14,6,15,5], [12,8,13,7], [9,19,10,18], [2,11,3,12], [6,14,7,13], [15,20,16,21], [17,22,18,1], [19,9,20,8], [21,16,22,17]],
"K11a98": [[4,2,5,1], [10,3,11,4], [12,6,13,5], [18,7,19,8], [16,9,17,10], [2,11,3,12], [22,14,1,13], [20,16,21,15], [8,17,9,18], [6,19,7,20], [14,22,15,21]],
"K11n98": [[4,2,5,1], [10,3,11,4], [5,14,6,15], [7,12,8,13], [18,9,19,10], [2,11,3,12], [13,6,14,7], [20,16,21,15], [22,18,1,17], [8,19,9,20], [16,22,17,21]],
"K11a99": [[4,2,5,1], [10,3,11,4], [12,6,13,5], [20,8,21,7], [16,10,17,9], [2,11,3,12], [18,13,19,14], [8,16,9,15], [22,17,1,18], [6,20,7,19], [14,21,15,22]],
"K11n99": [[4,2,5,1], [10,3,11,4], [5,14,6,15], [7,12,8,13], [9,19,10,18], [2,11,3,12], [13,6,14,7], [15,20,16,21], [17,22,18,1], [19,9,20,8], [21,16,22,17]],
"K11a100": [[4,2,5,1], [10,3,11,4], [12,6,13,5], [20,8,21,7], [16,10,17,9], [2,11,3,12], [22,14,1,13], [8,16,9,15], [14,18,15,17], [6,20,7,19], [18,22,19,21]],
"K11n100": [[4,2,5,1], [10,3,11,4], [14,6,15,5], [12,8,13,7], [9,19,10,18], [2,11,3,12], [6,14,7,13], [15,22,16,1], [17,20,18,21], [19,9,20,8], [21,16,22,17]],
"K11n101": [[4,2,5,1], [10,3,11,4], [5,14,6,15], [7,12,8,13], [18,9,19,10], [2,11,3,12], [13,6,14,7], [22,16,1,15], [20,18,21,17], [8,19,9,20], [16,22,17,21]],
"K11a101": [[4,2,5,1], [10,4,11,3], [14,6,15,5], [12,7,13,8], [2,10,3,9], [20,11,21,12], [18,14,19,13], [22,16,1,15], [6,18,7,17], [8,19,9,20], [16,22,17,21]],
"K11a102": [[4,2,5,1], [10,3,11,4], [14,6,15,5], [12,8,13,7], [18,9,19,10], [2,11,3,12], [6,14,7,13], [20,16,21,15], [22,18,1,17], [8,19,9,20], [16,22,17,21]],
"K11n102": [[4,2,5,1], [10,3,11,4], [5,14,6,15], [7,12,8,13], [9,19,10,18], [2,11,3,12], [13,6,14,7], [15,22,16,1], [17,20,18,21], [19,9,20,8], [21,16,22,17]],
"K11n103": [[4,2,5,1], [10,3,11,4], [14,5,15,6], [12,8,13,7], [9,20,10,21], [2,11,3,12], [16,13,17,14], [6,15,7,16], [17,22,18,1], [19,8,20,9], [21,18,22,19]],
"K11a103": [[4,2,5,1], [10,3,11,4], [14,6,15,5], [12,8,13,7], [18,9,19,10], [2,11,3,12], [6,14,7,13], [22,16,1,15], [20,18,21,17], [8,19,9,20], [16,22,17,21]],
"K11a104": [[4,2,5,1], [10,3,11,4], [14,5,15,6], [12,8,13,7], [20,10,21,9], [2,11,3,12], [16,13,17,14], [6,15,7,16], [22,18,1,17], [8,20,9,19], [18,22,19,21]],
"K11n104": [[4,2,5,1], [10,4,11,3], [5,15,6,14], [7,16,8,17], [2,10,3,9], [11,21,12,20], [13,1,14,22], [15,19,16,18], [17,6,18,7], [19,9,20,8], [21,13,22,12]],
"K11n105": [[4,2,5,1], [10,4,11,3], [14,5,15,6], [16,8,17,7], [2,10,3,9], [11,21,12,20], [13,1,14,22], [18,16,19,15], [8,18,9,17], [6,19,7,20], [21,13,22,12]],
"K11a105": [[4,2,5,1], [10,4,11,3], [14,6,15,5], [16,8,17,7], [2,10,3,9], [20,11,21,12], [8,14,9,13], [6,16,7,15], [22,18,1,17], [12,19,13,20], [18,22,19,21]],
"K11a106": [[4,2,5,1], [10,4,11,3], [14,5,15,6], [16,7,17,8], [2,10,3,9], [20,12,21,11], [18,13,19,14], [6,15,7,16], [8,17,9,18], [22,20,1,19], [12,22,13,21]],
"K11n106": [[4,2,5,1], [10,4,11,3], [5,15,6,14], [7,16,8,17], [2,10,3,9], [20,11,21,12], [22,13,1,14], [15,18,16,19], [17,8,18,9], [19,7,20,6], [12,21,13,22]],
"K11a107": [[4,2,5,1], [10,4,11,3], [14,5,15,6], [16,7,17,8], [2,10,3,9], [20,12,21,11], [18,13,19,14], [8,15,9,16], [6,17,7,18], [22,20,1,19], [12,22,13,21]],
"K11n107": [[4,2,5,1], [10,4,11,3], [5,15,6,14], [7,16,8,17], [2,10,3,9], [11,21,12,20], [13,1,14,22], [15,18,16,19], [17,8,18,9], [19,7,20,6], [21,13,22,12]],
"K11n108": [[4,2,5,1], [10,3,11,4], [5,14,6,15], [7,16,8,17], [18,9,19,10], [2,11,3,12], [20,13,21,14], [15,6,16,7], [22,18,1,17], [12,19,13,20], [8,21,9,22]],
"K11a108": [[4,2,5,1], [10,4,11,3], [14,5,15,6], [16,8,17,7], [2,10,3,9], [20,11,21,12], [22,13,1,14], [18,15,19,16], [6,18,7,17], [8,19,9,20], [12,21,13,22]],
"K11n109": [[4,2,5,1], [10,3,11,4], [5,14,6,15], [16,7,17,8], [18,9,19,10], [2,11,3,12], [20,13,21,14], [15,22,16,1], [8,17,9,18], [12,19,13,20], [21,7,22,6]],
"K11a109": [[4,2,5,1], [10,4,11,3], [14,5,15,6], [16,8,17,7], [2,10,3,9], [20,11,21,12], [22,13,1,14], [18,16,19,15], [8,18,9,17], [6,19,7,20], [12,21,13,22]],
"K11n110": [[4,2,5,1], [10,3,11,4], [14,6,15,5], [7,17,8,16], [9,19,10,18], [2,11,3,12], [20,13,21,14], [22,16,1,15], [17,9,18,8], [12,19,13,20], [6,21,7,22]],
"K11a110": [[4,2,5,1], [10,4,11,3], [14,5,15,6], [16,8,17,7], [2,10,3,9], [22,11,1,12], [20,13,21,14], [18,15,19,16], [6,18,7,17], [8,19,9,20], [12,21,13,22]],
"K11n111": [[4,2,5,1], [10,3,11,4], [5,14,6,15], [7,17,8,16], [9,19,10,18], [2,11,3,12], [13,21,14,20], [15,22,16,1], [17,9,18,8], [19,13,20,12], [21,7,22,6]],
"K11a111": [[4,2,5,1], [10,4,11,3], [14,5,15,6], [16,8,17,7], [2,10,3,9], [22,11,1,12], [20,13,21,14], [18,16,19,15], [8,18,9,17], [6,19,7,20], [12,21,13,22]],
"K11a112": [[4,2,5,1], [10,3,11,4], [14,6,15,5], [16,8,17,7], [18,9,19,10], [2,11,3,12], [20,13,21,14], [6,16,7,15], [22,18,1,17], [12,19,13,20], [8,21,9,22]],
"K11n112": [[4,2,5,1], [10,4,11,3], [14,6,15,5], [18,8,19,7], [2,10,3,9], [20,11,21,12], [8,14,9,13], [15,22,16,1], [6,18,7,17], [12,19,13,20], [21,16,22,17]],
"K11a113": [[4,2,5,1], [10,3,11,4], [14,6,15,5], [16,7,17,8], [18,9,19,10], [2,11,3,12], [20,13,21,14], [22,16,1,15], [8,17,9,18], [12,19,13,20], [6,21,7,22]],
"K11n113": [[4,2,5,1], [10,3,11,4], [5,14,6,15], [18,7,19,8], [16,9,17,10], [2,11,3,12], [20,13,21,14], [15,22,16,1], [8,17,9,18], [12,19,13,20], [21,7,22,6]],
"K11n114": [[4,2,5,1], [10,3,11,4], [14,6,15,5], [18,7,19,8], [16,9,17,10], [2,11,3,12], [13,21,14,20], [22,16,1,15], [8,17,9,18], [19,13,20,12], [6,21,7,22]],
"K11a114": [[4,2,5,1], [10,4,11,3], [14,6,15,5], [18,7,19,8], [2,10,3,9], [16,12,17,11], [6,14,7,13], [22,16,1,15], [20,17,21,18], [8,19,9,20], [12,22,13,21]],
"K11n115": [[4,2,5,1], [10,3,11,4], [14,6,15,5], [7,19,8,18], [9,17,10,16], [2,11,3,12], [20,13,21,14], [22,16,1,15], [17,9,18,8], [12,19,13,20], [6,21,7,22]],
"K11a115": [[4,2,5,1], [10,4,11,3], [14,6,15,5], [18,7,19,8], [2,10,3,9], [20,11,21,12], [6,14,7,13], [22,16,1,15], [12,17,13,18], [8,19,9,20], [16,22,17,21]],
"K11n116": [[4,2,5,1], [10,3,11,4], [5,14,6,15], [7,19,8,18], [9,17,10,16], [2,11,3,12], [20,13,21,14], [15,22,16,1], [17,9,18,8], [12,19,13,20], [21,7,22,6]],
"K11a116": [[4,2,5,1], [10,4,11,3], [14,6,15,5], [18,8,19,7], [2,10,3,9], [20,11,21,12], [8,14,9,13], [22,16,1,15], [6,18,7,17], [12,19,13,20], [16,22,17,21]],
"K11n117": [[4,2,5,1], [10,3,11,4], [5,14,6,15], [7,19,8,18], [9,17,10,16], [2,11,3,12], [13,21,14,20], [15,22,16,1], [17,9,18,8], [19,13,20,12], [21,7,22,6]],
"K11a117": [[4,2,5,1], [10,4,11,3], [14,6,15,5], [18,8,19,7], [2,10,3,9], [22,11,1,12], [8,14,9,13], [20,16,21,15], [6,18,7,17], [16,20,17,19], [12,21,13,22]],
"K11a118": [[4,2,5,1], [10,3,11,4], [14,6,15,5], [18,7,19,8], [12,10,13,9], [2,11,3,12], [8,14,9,13], [20,16,21,15], [22,18,1,17], [6,19,7,20], [16,22,17,21]],
"K11n118": [[4,2,5,1], [10,4,11,3], [5,15,6,14], [20,8,21,7], [2,10,3,9], [11,17,12,16], [13,18,14,19], [15,9,16,8], [17,1,18,22], [6,20,7,19], [21,12,22,13]],
"K11a119": [[4,2,5,1], [10,3,11,4], [14,6,15,5], [18,7,19,8], [12,10,13,9], [2,11,3,12], [8,14,9,13], [22,16,1,15], [20,18,21,17], [6,19,7,20], [16,22,17,21]],
"K11n119": [[4,2,5,1], [10,4,11,3], [14,5,15,6], [7,20,8,21], [2,10,3,9], [16,11,17,12], [18,14,19,13], [8,15,9,16], [22,17,1,18], [19,6,20,7], [12,22,13,21]],
"K11a120": [[4,2,5,1], [10,3,11,4], [14,5,15,6], [18,7,19,8], [12,10,13,9], [2,11,3,12], [22,13,1,14], [6,15,7,16], [20,17,21,18], [8,19,9,20], [16,21,17,22]],
"K11n120": [[4,2,5,1], [10,4,11,3], [5,15,6,14], [7,20,8,21], [2,10,3,9], [11,17,12,16], [13,18,14,19], [15,9,16,8], [17,1,18,22], [19,6,20,7], [21,12,22,13]],
"K11a121": [[4,2,5,1], [10,3,11,4], [14,5,15,6], [18,7,19,8], [12,10,13,9], [2,11,3,12], [22,13,1,14], [8,15,9,16], [20,18,21,17], [6,19,7,20], [16,22,17,21]],
"K11n121": [[4,2,5,1], [10,3,11,4], [5,16,6,17], [7,12,8,13], [18,9,19,10], [2,11,3,12], [13,20,14,21], [15,6,16,7], [22,18,1,17], [8,19,9,20], [21,14,22,15]],
"K11a122": [[4,2,5,1], [10,3,11,4], [14,6,15,5], [18,7,19,8], [16,9,17,10], [2,11,3,12], [20,13,21,14], [22,16,1,15], [8,17,9,18], [12,19,13,20], [6,21,7,22]],
"K11n122": [[4,2,5,1], [10,3,11,4], [5,16,6,17], [7,12,8,13], [9,19,10,18], [2,11,3,12], [13,20,14,21], [15,6,16,7], [17,22,18,1], [19,9,20,8], [21,14,22,15]],
"K11n123": [[4,2,5,1], [10,3,11,4], [5,16,6,17], [7,15,8,14], [12,10,13,9], [2,11,3,12], [13,18,14,19], [15,21,16,20], [17,22,18,1], [19,8,20,9], [21,7,22,6]],
"K11a123": [[4,2,5,1], [10,4,11,3], [14,6,15,5], [20,8,21,7], [2,10,3,9], [8,12,9,11], [18,14,19,13], [22,16,1,15], [6,18,7,17], [12,20,13,19], [16,22,17,21]],
"K11n124": [[4,2,5,1], [10,3,11,4], [16,6,17,5], [7,15,8,14], [9,19,10,18], [2,11,3,12], [13,9,14,8], [20,15,21,16], [22,18,1,17], [19,13,20,12], [6,21,7,22]],
"K11a124": [[4,2,5,1], [10,4,11,3], [14,6,15,5], [20,8,21,7], [2,10,3,9], [16,12,17,11], [8,14,9,13], [22,16,1,15], [12,18,13,17], [6,20,7,19], [18,22,19,21]],
"K11n125": [[4,2,5,1], [10,3,11,4], [5,17,6,16], [7,19,8,18], [14,10,15,9], [2,11,3,12], [20,14,21,13], [22,15,1,16], [17,7,18,6], [12,20,13,19], [8,21,9,22]],
"K11a125": [[4,2,5,1], [10,4,11,3], [14,5,15,6], [20,8,21,7], [2,10,3,9], [16,11,17,12], [18,14,19,13], [8,15,9,16], [22,17,1,18], [6,20,7,19], [12,22,13,21]],
"K11a126": [[4,2,5,1], [10,4,11,3], [14,5,15,6], [20,8,21,7], [2,10,3,9], [16,11,17,12], [22,13,1,14], [8,15,9,16], [12,17,13,18], [6,20,7,19], [18,22,19,21]],
