{
"L11a1": [[6,1,7,2], [14,7,15,8], [4,15,1,16], [10,6,11,5], [8,4,9,3], [20,12,21,11], [22,17,5,18], [18,21,19,22], [12,20,13,19], [16,10,17,9], [2,14,3,13]],
"L11n1": [[6,1,7,2], [14,7,15,8], [4,15,1,16], [5,10,6,11], [3,8,4,9], [11,20,12,21], [17,5,18,22], [21,19,22,18], [19,12,20,13], [9,16,10,17], [13,2,14,3]],
"L11a2": [[6,1,7,2], [16,7,17,8], [4,17,1,18], [14,10,15,9], [8,4,9,3], [10,5,11,6], [18,11,19,12], [20,14,21,13], [22,19,5,20], [12,22,13,21], [2,16,3,15]],
"L11n2": [[6,1,7,2], [14,7,15,8], [15,1,16,4], [5,10,6,11], [3,8,4,9], [11,20,12,21], [17,5,18,22], [21,19,22,18], [19,12,20,13], [9,16,10,17], [2,14,3,13]],
"L11a3": [[6,1,7,2], [16,7,17,8], [4,17,1,18], [14,10,15,9], [8,4,9,3], [10,5,11,6], [20,12,21,11], [22,20,5,19], [18,13,19,14], [12,22,13,21], [2,16,3,15]],
"L11n3": [[6,1,7,2], [14,7,15,8], [4,15,1,16], [5,10,6,11], [8,4,9,3], [11,20,12,21], [17,5,18,22], [21,19,22,18], [19,12,20,13], [9,16,10,17], [2,14,3,13]],
"L11a4": [[6,1,7,2], [16,7,17,8], [4,17,1,18], [10,6,11,5], [8,4,9,3], [22,14,5,13], [20,12,21,11], [12,22,13,21], [14,20,15,19], [18,10,19,9], [2,16,3,15]],
"L11n4": [[6,1,7,2], [16,7,17,8], [4,17,1,18], [9,14,10,15], [3,8,4,9], [5,11,6,10], [11,19,12,18], [13,20,14,21], [19,5,20,22], [21,12,22,13], [15,2,16,3]],
"L11a5": [[6,1,7,2], [16,7,17,8], [4,17,1,18], [10,6,11,5], [8,4,9,3], [22,12,5,11], [20,14,21,13], [14,20,15,19], [12,22,13,21], [18,10,19,9], [2,16,3,15]],
"L11n5": [[6,1,7,2], [16,7,17,8], [17,1,18,4], [9,14,10,15], [3,8,4,9], [5,11,6,10], [11,19,12,18], [13,20,14,21], [19,5,20,22], [21,12,22,13], [2,16,3,15]],
"L11a6": [[6,1,7,2], [14,7,15,8], [4,15,1,16], [12,6,13,5], [8,4,9,3], [16,10,17,9], [20,12,21,11], [22,18,5,17], [18,22,19,21], [10,20,11,19], [2,14,3,13]],
"L11n6": [[6,1,7,2], [16,7,17,8], [4,17,1,18], [9,14,10,15], [8,4,9,3], [5,11,6,10], [11,19,12,18], [13,20,14,21], [19,5,20,22], [21,12,22,13], [2,16,3,15]],
"L11a7": [[6,1,7,2], [16,7,17,8], [4,17,1,18], [12,6,13,5], [8,4,9,3], [22,14,5,13], [14,22,15,21], [18,10,19,9], [20,12,21,11], [10,20,11,19], [2,16,3,15]],
"L11n7": [[6,1,7,2], [16,7,17,8], [4,17,1,18], [9,14,10,15], [3,8,4,9], [5,11,6,10], [11,20,12,21], [19,22,20,5], [13,19,14,18], [21,12,22,13], [15,2,16,3]],
"L11a8": [[6,1,7,2], [16,7,17,8], [4,17,1,18], [20,9,21,10], [8,4,9,3], [18,22,19,21], [14,12,15,11], [12,5,13,6], [22,13,5,14], [10,19,11,20], [2,16,3,15]],
"L11n8": [[6,1,7,2], [16,7,17,8], [17,1,18,4], [9,14,10,15], [3,8,4,9], [5,11,6,10], [11,20,12,21], [19,22,20,5], [13,19,14,18], [21,12,22,13], [2,16,3,15]],
"L11a9": [[6,1,7,2], [16,7,17,8], [4,17,1,18], [12,6,13,5], [8,4,9,3], [22,14,5,13], [14,22,15,21], [18,12,19,11], [20,10,21,9], [10,20,11,19], [2,16,3,15]],
"L11n9": [[6,1,7,2], [16,7,17,8], [4,17,1,18], [9,14,10,15], [8,4,9,3], [5,11,6,10], [11,20,12,21], [19,22,20,5], [13,19,14,18], [21,12,22,13], [2,16,3,15]],
"L11a10": [[6,1,7,2], [18,7,19,8], [4,19,1,20], [12,6,13,5], [8,4,9,3], [16,10,17,9], [22,14,5,13], [10,16,11,15], [14,22,15,21], [20,12,21,11], [2,18,3,17]],
"L11n10": [[6,1,7,2], [16,7,17,8], [4,17,1,18], [5,10,6,11], [3,8,4,9], [13,22,14,5], [11,20,12,21], [21,12,22,13], [19,14,20,15], [9,18,10,19], [15,2,16,3]],
"L11a11": [[6,1,7,2], [20,7,21,8], [4,21,1,22], [14,10,15,9], [8,4,9,3], [12,5,13,6], [22,13,5,14], [18,16,19,15], [16,11,17,12], [10,17,11,18], [2,20,3,19]],
"L11n11": [[6,1,7,2], [16,7,17,8], [17,1,18,4], [5,10,6,11], [3,8,4,9], [13,22,14,5], [11,20,12,21], [21,12,22,13], [19,14,20,15], [9,18,10,19], [2,16,3,15]],
"L11a12": [[6,1,7,2], [20,7,21,8], [4,21,1,22], [14,12,15,11], [8,4,9,3], [12,5,13,6], [22,13,5,14], [18,15,19,16], [16,9,17,10], [10,17,11,18], [2,20,3,19]],
"L11n12": [[6,1,7,2], [16,7,17,8], [4,17,1,18], [5,10,6,11], [8,4,9,3], [13,22,14,5], [11,20,12,21], [21,12,22,13], [19,14,20,15], [9,18,10,19], [2,16,3,15]],
"L11a13": [[6,1,7,2], [20,7,21,8], [4,21,1,22], [12,6,13,5], [8,4,9,3], [16,10,17,9], [18,13,19,14], [14,17,15,18], [10,16,11,15], [22,12,5,11], [2,20,3,19]],
"L11n13": [[6,1,7,2], [16,7,17,8], [4,17,1,18], [5,10,6,11], [3,8,4,9], [11,22,12,5], [13,20,14,21], [19,14,20,15], [21,12,22,13], [9,18,10,19], [15,2,16,3]],
"L11a14": [[6,1,7,2], [12,7,13,8], [4,13,1,14], [18,10,19,9], [8,4,9,3], [14,6,15,5], [20,16,21,15], [22,18,5,17], [16,22,17,21], [10,20,11,19], [2,12,3,11]],
"L11n14": [[6,1,7,2], [16,7,17,8], [17,1,18,4], [5,10,6,11], [3,8,4,9], [11,22,12,5], [13,20,14,21], [19,14,20,15], [21,12,22,13], [9,18,10,19], [2,16,3,15]],
"L11a15": [[6,1,7,2], [12,7,13,8], [4,13,1,14], [18,10,19,9], [8,4,9,3], [14,6,15,5], [22,16,5,15], [20,18,21,17], [16,22,17,21], [10,20,11,19], [2,12,3,11]],
"L11n15": [[6,1,7,2], [16,7,17,8], [4,17,1,18], [5,10,6,11], [8,4,9,3], [11,22,12,5], [13,20,14,21], [19,14,20,15], [21,12,22,13], [9,18,10,19], [2,16,3,15]],
"L11a16": [[6,1,7,2], [16,7,17,8], [4,17,1,18], [14,6,15,5], [8,4,9,3], [18,10,19,9], [20,12,21,11], [22,14,5,13], [10,20,11,19], [12,22,13,21], [2,16,3,15]],
"L11n16": [[6,1,7,2], [14,7,15,8], [4,15,1,16], [5,12,6,13], [3,8,4,9], [9,16,10,17], [11,20,12,21], [17,22,18,5], [21,18,22,19], [19,10,20,11], [13,2,14,3]],
"L11a17": [[6,1,7,2], [18,7,19,8], [4,19,1,20], [14,6,15,5], [8,4,9,3], [16,10,17,9], [10,16,11,15], [20,12,21,11], [22,14,5,13], [12,22,13,21], [2,18,3,17]],
"L11n17": [[6,1,7,2], [14,7,15,8], [15,1,16,4], [5,12,6,13], [3,8,4,9], [9,16,10,17], [11,20,12,21], [17,22,18,5], [21,18,22,19], [19,10,20,11], [2,14,3,13]],
"L11a18": [[6,1,7,2], [10,4,11,3], [12,8,13,7], [18,14,19,13], [16,9,17,10], [8,17,9,18], [22,20,5,19], [20,15,21,16], [14,21,15,22], [2,5,3,6], [4,12,1,11]],
"L11n18": [[6,1,7,2], [14,7,15,8], [4,15,1,16], [5,12,6,13], [8,4,9,3], [9,16,10,17], [11,20,12,21], [17,22,18,5], [21,18,22,19], [19,10,20,11], [2,14,3,13]],
"L11a19": [[6,1,7,2], [10,4,11,3], [12,8,13,7], [16,10,17,9], [20,14,21,13], [22,17,5,18], [18,21,19,22], [14,20,15,19], [8,16,9,15], [2,5,3,6], [4,12,1,11]],
"L11n19": [[6,1,7,2], [16,7,17,8], [4,17,1,18], [5,12,6,13], [3,8,4,9], [13,22,14,5], [21,14,22,15], [9,18,10,19], [11,20,12,21], [19,10,20,11], [15,2,16,3]],
"L11a20": [[6,1,7,2], [10,4,11,3], [12,8,13,7], [18,16,19,15], [16,9,17,10], [8,17,9,18], [22,19,5,20], [20,13,21,14], [14,21,15,22], [2,5,3,6], [4,12,1,11]],
"L11n20": [[6,1,7,2], [16,7,17,8], [17,1,18,4], [5,12,6,13], [3,8,4,9], [13,22,14,5], [21,14,22,15], [9,18,10,19], [11,20,12,21], [19,10,20,11], [2,16,3,15]],
"L11a21": [[6,1,7,2], [10,4,11,3], [12,8,13,7], [18,10,19,9], [20,14,21,13], [22,16,5,15], [14,22,15,21], [16,20,17,19], [8,18,9,17], [2,5,3,6], [4,12,1,11]],
"L11n21": [[6,1,7,2], [16,7,17,8], [4,17,1,18], [5,12,6,13], [8,4,9,3], [13,22,14,5], [21,14,22,15], [9,18,10,19], [11,20,12,21], [19,10,20,11], [2,16,3,15]],
"L11a22": [[6,1,7,2], [10,4,11,3], [12,8,13,7], [18,10,19,9], [22,14,5,13], [20,16,21,15], [16,20,17,19], [14,22,15,21], [8,18,9,17], [2,5,3,6], [4,12,1,11]],
"L11n22": [[6,1,7,2], [16,7,17,8], [4,17,1,18], [9,21,10,20], [3,8,4,9], [21,18,22,19], [11,14,12,15], [5,13,6,12], [13,5,14,22], [19,11,20,10], [15,2,16,3]],
"L11a23": [[6,1,7,2], [10,3,11,4], [16,11,17,12], [14,7,15,8], [8,15,9,16], [20,13,21,14], [22,17,5,18], [18,21,19,22], [12,19,13,20], [2,5,3,6], [4,9,1,10]],
"L11n23": [[6,1,7,2], [16,7,17,8], [17,1,18,4], [9,21,10,20], [3,8,4,9], [21,18,22,19], [11,14,12,15], [5,13,6,12], [13,5,14,22], [19,11,20,10], [2,16,3,15]],
"L11a24": [[6,1,7,2], [10,3,11,4], [14,8,15,7], [18,11,19,12], [22,19,5,20], [20,15,21,16], [16,21,17,22], [12,17,13,18], [8,14,9,13], [2,5,3,6], [4,9,1,10]],
"L11n24": [[6,1,7,2], [16,7,17,8], [4,17,1,18], [9,21,10,20], [8,4,9,3], [21,18,22,19], [11,14,12,15], [5,13,6,12], [13,5,14,22], [19,11,20,10], [2,16,3,15]],
"L11a25": [[6,1,7,2], [10,3,11,4], [14,8,15,7], [20,16,21,15], [18,12,19,11], [12,20,13,19], [22,18,5,17], [16,22,17,21], [8,14,9,13], [2,5,3,6], [4,9,1,10]],
"L11n25": [[6,1,7,2], [16,7,17,8], [4,17,1,18], [20,9,21,10], [8,4,9,3], [18,22,19,21], [11,14,12,15], [5,13,6,12], [13,5,14,22], [10,19,11,20], [2,16,3,15]],
"L11a26": [[6,1,7,2], [10,3,11,4], [14,8,15,7], [20,18,21,17], [18,12,19,11], [12,20,13,19], [22,16,5,15], [16,22,17,21], [8,14,9,13], [2,5,3,6], [4,9,1,10]],
"L11n26": [[6,1,7,2], [16,7,17,8], [4,17,1,18], [5,12,6,13], [3,8,4,9], [13,22,14,5], [21,14,22,15], [11,18,12,19], [9,20,10,21], [19,10,20,11], [15,2,16,3]],
"L11a27": [[6,1,7,2], [10,3,11,4], [16,13,17,14], [14,7,15,8], [8,15,9,16], [20,11,21,12], [22,18,5,17], [18,22,19,21], [12,19,13,20], [2,5,3,6], [4,9,1,10]],
"L11n27": [[6,1,7,2], [16,7,17,8], [17,1,18,4], [5,12,6,13], [3,8,4,9], [13,22,14,5], [21,14,22,15], [11,18,12,19], [9,20,10,21], [19,10,20,11], [2,16,3,15]],
"L11a28": [[6,1,7,2], [10,4,11,3], [14,8,15,7], [22,16,5,15], [16,9,17,10], [8,21,9,22], [20,17,21,18], [18,14,19,13], [12,20,13,19], [2,5,3,6], [4,12,1,11]],
"L11n28": [[6,1,7,2], [16,7,17,8], [4,17,1,18], [5,12,6,13], [8,4,9,3], [13,22,14,5], [21,14,22,15], [11,18,12,19], [9,20,10,21], [19,10,20,11], [2,16,3,15]],
"L11a29": [[6,1,7,2], [10,4,11,3], [20,10,21,9], [18,14,19,13], [14,8,15,7], [8,18,9,17], [12,20,13,19], [22,16,5,15], [16,22,17,21], [2,5,3,6], [4,12,1,11]],
"L11n29": [[6,1,7,2], [18,7,19,8], [4,19,1,20], [5,12,6,13], [3,8,4,9], [9,16,10,17], [13,22,14,5], [15,10,16,11], [21,14,22,15], [11,20,12,21], [17,2,18,3]],
"L11a30": [[6,1,7,2], [10,3,11,4], [16,8,17,7], [18,11,19,12], [22,19,5,20], [20,14,21,13], [12,22,13,21], [14,17,15,18], [8,16,9,15], [2,5,3,6], [4,9,1,10]],
"L11n30": [[6,1,7,2], [18,7,19,8], [19,1,20,4], [5,12,6,13], [3,8,4,9], [9,16,10,17], [13,22,14,5], [15,10,16,11], [21,14,22,15], [11,20,12,21], [2,18,3,17]],
"L11a31": [[6,1,7,2], [10,3,11,4], [16,8,17,7], [22,18,5,17], [18,12,19,11], [20,14,21,13], [12,20,13,19], [14,22,15,21], [8,16,9,15], [2,5,3,6], [4,9,1,10]],
"L11n31": [[6,1,7,2], [18,7,19,8], [4,19,1,20], [5,12,6,13], [8,4,9,3], [9,16,10,17], [13,22,14,5], [15,10,16,11], [21,14,22,15], [11,20,12,21], [2,18,3,17]],
"L11a32": [[6,1,7,2], [10,3,11,4], [16,8,17,7], [22,18,5,17], [18,12,19,11], [12,22,13,21], [20,14,21,13], [14,20,15,19], [8,16,9,15], [2,5,3,6], [4,9,1,10]],
"L11n32": [[6,1,7,2], [20,7,21,8], [4,21,1,22], [9,14,10,15], [3,8,4,9], [5,13,6,12], [13,5,14,22], [15,18,16,19], [11,17,12,16], [17,11,18,10], [19,2,20,3]],
"L11a33": [[6,1,7,2], [10,3,11,4], [18,11,19,12], [16,7,17,8], [8,17,9,18], [20,13,21,14], [22,15,5,16], [12,19,13,20], [14,21,15,22], [2,5,3,6], [4,9,1,10]],
"L11n33": [[6,1,7,2], [20,7,21,8], [4,21,1,22], [9,14,10,15], [8,4,9,3], [5,13,6,12], [13,5,14,22], [15,18,16,19], [11,17,12,16], [17,11,18,10], [2,20,3,19]],
"L11a34": [[6,1,7,2], [10,3,11,4], [18,11,19,12], [16,7,17,8], [8,17,9,18], [22,15,5,16], [12,21,13,22], [20,13,21,14], [14,19,15,20], [2,5,3,6], [4,9,1,10]],
"L11n34": [[6,1,7,2], [20,7,21,8], [4,21,1,22], [14,10,15,9], [8,4,9,3], [5,13,6,12], [13,5,14,22], [18,16,19,15], [16,11,17,12], [10,17,11,18], [2,20,3,19]],
"L11a35": [[6,1,7,2], [10,3,11,4], [16,8,17,7], [18,13,19,14], [14,17,15,18], [22,20,5,19], [20,12,21,11], [12,22,13,21], [8,16,9,15], [2,5,3,6], [4,9,1,10]],
"L11n35": [[6,1,7,2], [20,7,21,8], [4,21,1,22], [9,14,10,15], [8,4,9,3], [12,5,13,6], [22,13,5,14], [15,18,16,19], [11,17,12,16], [17,11,18,10], [2,20,3,19]],
"L11a36": [[6,1,7,2], [10,3,11,4], [18,15,19,16], [16,7,17,8], [8,17,9,18], [20,11,21,12], [22,13,5,14], [12,21,13,22], [14,19,15,20], [2,5,3,6], [4,9,1,10]],
"L11n36": [[6,1,7,2], [20,7,21,8], [4,21,1,22], [11,14,12,15], [3,8,4,9], [5,13,6,12], [13,5,14,22], [15,19,16,18], [9,17,10,16], [17,11,18,10], [19,2,20,3]],
"L11a37": [[6,1,7,2], [10,3,11,4], [18,15,19,16], [16,7,17,8], [8,17,9,18], [22,11,5,12], [20,13,21,14], [14,19,15,20], [12,21,13,22], [2,5,3,6], [4,9,1,10]],
"L11n37": [[6,1,7,2], [20,7,21,8], [4,21,1,22], [11,14,12,15], [8,4,9,3], [5,13,6,12], [13,5,14,22], [15,19,16,18], [9,17,10,16], [17,11,18,10], [2,20,3,19]],
"L11a38": [[6,1,7,2], [10,4,11,3], [12,10,13,9], [18,13,19,14], [16,7,17,8], [8,17,9,18], [22,19,5,20], [20,16,21,15], [14,22,15,21], [2,5,3,6], [4,12,1,11]],
"L11n38": [[6,1,7,2], [20,7,21,8], [4,21,1,22], [5,12,6,13], [3,8,4,9], [9,16,10,17], [13,19,14,18], [17,15,18,14], [15,10,16,11], [11,22,12,5], [19,2,20,3]],
"L11a39": [[6,1,7,2], [10,4,11,3], [16,8,17,7], [20,13,21,14], [22,18,5,17], [18,22,19,21], [14,19,15,20], [12,10,13,9], [8,16,9,15], [2,5,3,6], [4,12,1,11]],
"L11n39": [[6,1,7,2], [20,7,21,8], [4,21,1,22], [5,12,6,13], [8,4,9,3], [9,16,10,17], [13,19,14,18], [17,15,18,14], [15,10,16,11], [11,22,12,5], [2,20,3,19]],
"L11a40": [[6,1,7,2], [10,4,11,3], [12,10,13,9], [18,15,19,16], [16,7,17,8], [8,17,9,18], [22,20,5,19], [20,14,21,13], [14,22,15,21], [2,5,3,6], [4,12,1,11]],
"L11n40": [[6,1,7,2], [12,7,13,8], [4,13,1,14], [9,18,10,19], [3,8,4,9], [5,14,6,15], [15,20,16,21], [17,22,18,5], [21,16,22,17], [19,10,20,11], [11,2,12,3]],
"L11a41": [[6,1,7,2], [10,4,11,3], [22,15,5,16], [16,7,17,8], [20,18,21,17], [14,10,15,9], [12,19,13,20], [18,13,19,14], [8,21,9,22], [2,5,3,6], [4,12,1,11]],
"L11n41": [[6,1,7,2], [12,7,13,8], [4,13,1,14], [9,18,10,19], [8,4,9,3], [5,14,6,15], [15,20,16,21], [17,22,18,5], [21,16,22,17], [19,10,20,11], [2,12,3,11]],
"L11a42": [[6,1,7,2], [10,4,11,3], [18,8,19,7], [20,13,21,14], [22,15,5,16], [14,21,15,22], [16,19,17,20], [12,10,13,9], [8,18,9,17], [2,5,3,6], [4,12,1,11]],
"L11n42": [[6,1,7,2], [12,7,13,8], [4,13,1,14], [9,18,10,19], [3,8,4,9], [5,14,6,15], [15,22,16,5], [17,20,18,21], [21,16,22,17], [19,10,20,11], [11,2,12,3]],
"L11a43": [[6,1,7,2], [10,4,11,3], [18,8,19,7], [22,13,5,14], [20,15,21,16], [16,19,17,20], [14,21,15,22], [12,10,13,9], [8,18,9,17], [2,5,3,6], [4,12,1,11]],
"L11n43": [[6,1,7,2], [12,7,13,8], [4,13,1,14], [9,18,10,19], [8,4,9,3], [5,14,6,15], [15,22,16,5], [17,20,18,21], [21,16,22,17], [19,10,20,11], [2,12,3,11]],
"L11a44": [[6,1,7,2], [10,4,11,3], [20,8,21,7], [22,15,5,16], [16,21,17,22], [14,10,15,9], [18,13,19,14], [12,19,13,20], [8,18,9,17], [2,5,3,6], [4,12,1,11]],
"L11n44": [[6,1,7,2], [16,7,17,8], [4,17,1,18], [5,14,6,15], [3,8,4,9], [9,18,10,19], [11,20,12,21], [13,22,14,5], [19,10,20,11], [21,12,22,13], [15,2,16,3]],
"L11a45": [[6,1,7,2], [14,7,15,8], [18,9,19,10], [20,15,21,16], [16,19,17,20], [8,17,9,18], [4,21,1,22], [12,6,13,5], [10,4,11,3], [22,12,5,11], [2,14,3,13]],
"L11n45": [[6,1,7,2], [16,7,17,8], [17,1,18,4], [5,14,6,15], [3,8,4,9], [9,18,10,19], [11,20,12,21], [13,22,14,5], [19,10,20,11], [21,12,22,13], [2,16,3,15]],
"L11a46": [[6,1,7,2], [16,7,17,8], [20,17,21,18], [18,10,19,9], [8,20,9,19], [4,21,1,22], [14,12,15,11], [10,4,11,3], [12,5,13,6], [22,13,5,14], [2,16,3,15]],
"L11n46": [[6,1,7,2], [16,7,17,8], [4,17,1,18], [5,14,6,15], [8,4,9,3], [9,18,10,19], [11,20,12,21], [13,22,14,5], [19,10,20,11], [21,12,22,13], [2,16,3,15]],
"L11a47": [[6,1,7,2], [16,7,17,8], [18,9,19,10], [8,17,9,18], [4,19,1,20], [12,6,13,5], [10,4,11,3], [22,14,5,13], [14,22,15,21], [20,12,21,11], [2,16,3,15]],
"L11n47": [[6,1,7,2], [18,7,19,8], [4,19,1,20], [5,14,6,15], [3,8,4,9], [9,16,10,17], [15,10,16,11], [11,20,12,21], [13,22,14,5], [21,12,22,13], [17,2,18,3]],
"L11a48": [[6,1,7,2], [18,7,19,8], [20,16,21,15], [16,20,17,19], [4,21,1,22], [12,6,13,5], [10,4,11,3], [22,12,5,11], [14,9,15,10], [2,14,3,13], [8,17,9,18]],
"L11n48": [[6,1,7,2], [18,7,19,8], [19,1,20,4], [5,14,6,15], [3,8,4,9], [9,16,10,17], [15,10,16,11], [11,20,12,21], [13,22,14,5], [21,12,22,13], [2,18,3,17]],
"L11a49": [[6,1,7,2], [16,9,17,10], [4,21,1,22], [14,12,15,11], [10,4,11,3], [12,5,13,6], [22,13,5,14], [2,16,3,15], [20,18,21,17], [18,8,19,7], [8,20,9,19]],
"L11n49": [[6,1,7,2], [18,7,19,8], [4,19,1,20], [5,14,6,15], [8,4,9,3], [9,16,10,17], [15,10,16,11], [11,20,12,21], [13,22,14,5], [21,12,22,13], [2,18,3,17]],
"L11a50": [[6,1,7,2], [18,7,19,8], [4,19,1,20], [12,6,13,5], [10,4,11,3], [22,14,5,13], [14,22,15,21], [20,12,21,11], [16,9,17,10], [2,16,3,15], [8,17,9,18]],
"L11n50": [[6,1,7,2], [10,4,11,3], [12,8,13,7], [13,18,14,19], [9,17,10,16], [17,9,18,8], [19,22,20,5], [15,21,16,20], [21,15,22,14], [2,5,3,6], [4,12,1,11]],
"L11a51": [[6,1,7,2], [16,7,17,8], [18,9,19,10], [8,17,9,18], [4,19,1,20], [14,6,15,5], [10,4,11,3], [20,12,21,11], [22,14,5,13], [12,22,13,21], [2,16,3,15]],
"L11n51": [[6,1,7,2], [10,4,11,3], [12,8,13,7], [18,14,19,13], [9,17,10,16], [17,9,18,8], [22,20,5,19], [20,15,21,16], [14,21,15,22], [2,5,3,6], [4,12,1,11]],
"L11a52": [[6,1,7,2], [18,7,19,8], [4,19,1,20], [14,6,15,5], [10,4,11,3], [20,12,21,11], [22,14,5,13], [12,22,13,21], [16,9,17,10], [2,16,3,15], [8,17,9,18]],
"L11n52": [[6,1,7,2], [10,4,11,3], [12,8,13,7], [13,18,14,19], [16,9,17,10], [8,17,9,18], [19,22,20,5], [15,21,16,20], [21,15,22,14], [2,5,3,6], [4,12,1,11]],
"L11a53": [[6,1,7,2], [18,7,19,8], [20,9,21,10], [8,19,9,20], [4,21,1,22], [14,6,15,5], [10,4,11,3], [16,12,17,11], [12,16,13,15], [22,14,5,13], [2,18,3,17]],
"L11n53": [[6,1,7,2], [10,4,11,3], [12,8,13,7], [9,16,10,17], [13,20,14,21], [17,5,18,22], [21,19,22,18], [19,14,20,15], [15,8,16,9], [2,5,3,6], [4,12,1,11]],
"L11a54": [[6,1,7,2], [20,7,21,8], [4,21,1,22], [14,6,15,5], [10,4,11,3], [16,12,17,11], [12,16,13,15], [22,14,5,13], [18,9,19,10], [2,18,3,17], [8,19,9,20]],
"L11n54": [[6,1,7,2], [10,3,11,4], [11,17,12,16], [7,15,8,14], [15,9,16,8], [13,21,14,20], [17,5,18,22], [21,19,22,18], [19,13,20,12], [2,5,3,6], [4,9,1,10]],
"L11a55": [[6,1,7,2], [12,4,13,3], [14,8,15,7], [22,16,5,15], [16,9,17,10], [8,21,9,22], [20,17,21,18], [18,12,19,11], [10,20,11,19], [2,5,3,6], [4,14,1,13]],
"L11n55": [[6,1,7,2], [10,3,11,4], [16,11,17,12], [7,15,8,14], [15,9,16,8], [20,13,21,14], [22,17,5,18], [18,21,19,22], [12,19,13,20], [2,5,3,6], [4,9,1,10]],
"L11a56": [[6,1,7,2], [12,4,13,3], [14,8,15,7], [16,10,17,9], [20,12,21,11], [22,18,5,17], [18,22,19,21], [8,16,9,15], [10,20,11,19], [2,5,3,6], [4,14,1,13]],
"L11n56": [[6,1,7,2], [10,3,11,4], [11,17,12,16], [14,7,15,8], [8,15,9,16], [13,21,14,20], [17,5,18,22], [21,19,22,18], [19,13,20,12], [2,5,3,6], [4,9,1,10]],
"L11a57": [[6,1,7,2], [12,4,13,3], [14,8,15,7], [18,16,19,15], [16,9,17,10], [8,17,9,18], [22,20,5,19], [20,11,21,12], [10,21,11,22], [2,5,3,6], [4,14,1,13]],
"L11n57": [[6,1,7,2], [10,3,11,4], [7,14,8,15], [11,19,12,18], [19,5,20,22], [15,21,16,20], [21,17,22,16], [17,13,18,12], [13,8,14,9], [2,5,3,6], [4,9,1,10]],
"L11a58": [[6,1,7,2], [12,3,13,4], [14,8,15,7], [18,10,19,9], [22,19,5,20], [20,15,21,16], [16,21,17,22], [8,18,9,17], [10,14,11,13], [2,5,3,6], [4,11,1,12]],
"L11n58": [[6,1,7,2], [10,3,11,4], [7,14,8,15], [18,11,19,12], [22,19,5,20], [20,15,21,16], [16,21,17,22], [12,17,13,18], [13,8,14,9], [2,5,3,6], [4,9,1,10]],
"L11a59": [[6,1,7,2], [12,3,13,4], [14,8,15,7], [20,16,21,15], [18,9,19,10], [8,19,9,20], [22,18,5,17], [16,22,17,21], [10,14,11,13], [2,5,3,6], [4,11,1,12]],
"L11n59": [[6,1,7,2], [10,3,11,4], [14,8,15,7], [11,19,12,18], [19,5,20,22], [15,21,16,20], [21,17,22,16], [17,13,18,12], [8,14,9,13], [2,5,3,6], [4,9,1,10]],
"L11a60": [[6,1,7,2], [12,3,13,4], [14,8,15,7], [20,18,21,17], [18,9,19,10], [8,19,9,20], [22,16,5,15], [16,22,17,21], [10,14,11,13], [2,5,3,6], [4,11,1,12]],
"L11n60": [[6,1,7,2], [10,3,11,4], [14,8,15,7], [11,19,12,18], [22,19,5,20], [20,15,21,16], [16,21,17,22], [17,13,18,12], [8,14,9,13], [2,5,3,6], [4,9,1,10]],
"L11a61": [[6,1,7,2], [12,3,13,4], [22,13,5,14], [14,7,15,8], [18,9,19,10], [20,17,21,18], [16,21,17,22], [8,15,9,16], [10,19,11,20], [2,5,3,6], [4,11,1,12]],
"L11n61": [[6,1,7,2], [10,3,11,4], [14,8,15,7], [18,11,19,12], [19,5,20,22], [15,21,16,20], [21,17,22,16], [12,17,13,18], [8,14,9,13], [2,5,3,6], [4,9,1,10]],
"L11a62": [[6,1,7,2], [12,3,13,4], [22,13,5,14], [14,7,15,8], [20,18,21,17], [10,15,11,16], [8,19,9,20], [18,9,19,10], [16,22,17,21], [2,5,3,6], [4,11,1,12]],
"L11n62": [[6,1,7,2], [10,3,11,4], [7,14,8,15], [15,20,16,21], [11,18,12,19], [19,12,20,13], [17,22,18,5], [21,16,22,17], [13,8,14,9], [2,5,3,6], [4,9,1,10]],
"L11a63": [[6,1,7,2], [12,4,13,3], [14,8,15,7], [22,16,5,15], [16,11,17,12], [20,18,21,17], [18,10,19,9], [10,20,11,19], [8,21,9,22], [2,5,3,6], [4,14,1,13]],
"L11n63": [[6,1,7,2], [10,3,11,4], [7,14,8,15], [20,16,21,15], [18,12,19,11], [12,20,13,19], [22,18,5,17], [16,22,17,21], [13,8,14,9], [2,5,3,6], [4,9,1,10]],
"L11a64": [[6,1,7,2], [12,4,13,3], [14,8,15,7], [18,10,19,9], [22,16,5,15], [16,22,17,21], [20,12,21,11], [8,18,9,17], [10,20,11,19], [2,5,3,6], [4,14,1,13]],
"L11n64": [[6,1,7,2], [10,3,11,4], [14,8,15,7], [15,20,16,21], [11,18,12,19], [19,12,20,13], [17,22,18,5], [21,16,22,17], [8,14,9,13], [2,5,3,6], [4,9,1,10]],
"L11a65": [[6,1,7,2], [12,4,13,3], [14,8,15,7], [20,12,21,11], [22,16,5,15], [16,22,17,21], [8,20,9,19], [18,10,19,9], [10,18,11,17], [2,5,3,6], [4,14,1,13]],
"L11n65": [[6,1,7,2], [10,3,11,4], [7,14,8,15], [17,20,18,21], [11,18,12,19], [19,12,20,13], [15,22,16,5], [21,16,22,17], [13,8,14,9], [2,5,3,6], [4,9,1,10]],
"L11a66": [[6,1,7,2], [12,4,13,3], [14,8,15,7], [22,12,5,11], [20,17,21,18], [10,16,11,15], [8,20,9,19], [18,10,19,9], [16,21,17,22], [2,5,3,6], [4,14,1,13]],
"L11n66": [[6,1,7,2], [3,10,4,11], [7,14,8,15], [15,22,16,5], [9,17,10,16], [21,9,22,8], [17,21,18,20], [13,18,14,19], [19,12,20,13], [2,5,3,6], [11,4,12,1]],
"L11a67": [[6,1,7,2], [12,3,13,4], [16,8,17,7], [22,18,5,17], [14,9,15,10], [10,20,11,19], [8,21,9,22], [18,14,19,13], [20,15,21,16], [2,5,3,6], [4,11,1,12]],
"L11n67": [[6,1,7,2], [3,10,4,11], [9,20,10,21], [13,18,14,19], [7,14,8,15], [17,8,18,9], [19,12,20,13], [15,22,16,5], [21,16,22,17], [2,5,3,6], [11,4,12,1]],
"L11a68": [[6,1,7,2], [12,4,13,3], [16,8,17,7], [20,12,21,11], [22,18,5,17], [18,22,19,21], [10,20,11,19], [14,10,15,9], [8,16,9,15], [2,5,3,6], [4,14,1,13]],
"L11n68": [[6,1,7,2], [10,3,11,4], [7,16,8,17], [17,22,18,5], [11,18,12,19], [13,20,14,21], [19,12,20,13], [21,14,22,15], [15,8,16,9], [2,5,3,6], [4,9,1,10]],
"L11a69": [[6,1,7,2], [12,4,13,3], [14,10,15,9], [22,20,5,19], [20,11,21,12], [10,21,11,22], [18,15,19,16], [16,7,17,8], [8,17,9,18], [2,5,3,6], [4,14,1,13]],
"L11n69": [[6,1,7,2], [10,3,11,4], [7,16,8,17], [22,18,5,17], [18,12,19,11], [20,14,21,13], [12,20,13,19], [14,22,15,21], [15,8,16,9], [2,5,3,6], [4,9,1,10]],
"L11a70": [[6,1,7,2], [12,3,13,4], [16,8,17,7], [22,18,5,17], [18,9,19,10], [8,21,9,22], [10,14,11,13], [20,15,21,16], [14,19,15,20], [2,5,3,6], [4,11,1,12]],
"L11n70": [[6,1,7,2], [10,3,11,4], [16,8,17,7], [17,22,18,5], [11,18,12,19], [13,20,14,21], [19,12,20,13], [21,14,22,15], [8,16,9,15], [2,5,3,6], [4,9,1,10]],
"L11a71": [[6,1,7,2], [12,3,13,4], [16,8,17,7], [18,10,19,9], [8,18,9,17], [22,20,5,19], [20,14,21,13], [14,22,15,21], [10,16,11,15], [2,5,3,6], [4,11,1,12]],
"L11n71": [[6,1,7,2], [10,3,11,4], [7,16,8,17], [17,22,18,5], [11,18,12,19], [21,12,22,13], [13,20,14,21], [19,14,20,15], [15,8,16,9], [2,5,3,6], [4,9,1,10]],
"L11a72": [[6,1,7,2], [12,3,13,4], [20,13,21,14], [16,7,17,8], [18,9,19,10], [8,17,9,18], [10,19,11,20], [22,15,5,16], [14,21,15,22], [2,5,3,6], [4,11,1,12]],
"L11n72": [[6,1,7,2], [10,3,11,4], [7,16,8,17], [22,18,5,17], [18,12,19,11], [12,22,13,21], [20,14,21,13], [14,20,15,19], [15,8,16,9], [2,5,3,6], [4,9,1,10]],
"L11a73": [[6,1,7,2], [12,3,13,4], [20,13,21,14], [16,7,17,8], [8,19,9,20], [18,9,19,10], [10,17,11,18], [22,15,5,16], [14,21,15,22], [2,5,3,6], [4,11,1,12]],
"L11n73": [[6,1,7,2], [10,3,11,4], [16,8,17,7], [17,22,18,5], [11,18,12,19], [21,12,22,13], [13,20,14,21], [19,14,20,15], [8,16,9,15], [2,5,3,6], [4,9,1,10]],
"L11a74": [[6,1,7,2], [12,3,13,4], [16,8,17,7], [22,13,5,14], [20,18,21,17], [18,9,19,10], [8,19,9,20], [14,21,15,22], [10,16,11,15], [2,5,3,6], [4,11,1,12]],
"L11n74": [[6,1,7,2], [10,3,11,4], [11,19,12,18], [7,17,8,16], [17,9,18,8], [13,21,14,20], [15,5,16,22], [19,13,20,12], [21,15,22,14], [2,5,3,6], [4,9,1,10]],
"L11a75": [[6,1,7,2], [12,3,13,4], [20,15,21,16], [16,7,17,8], [18,9,19,10], [8,17,9,18], [10,19,11,20], [22,13,5,14], [14,21,15,22], [2,5,3,6], [4,11,1,12]],
"L11n75": [[6,1,7,2], [10,3,11,4], [11,19,12,18], [7,17,8,16], [17,9,18,8], [15,5,16,22], [21,13,22,12], [13,21,14,20], [19,15,20,14], [2,5,3,6], [4,9,1,10]],
"L11a76": [[6,1,7,2], [12,3,13,4], [20,15,21,16], [16,7,17,8], [8,19,9,20], [18,9,19,10], [10,17,11,18], [22,13,5,14], [14,21,15,22], [2,5,3,6], [4,11,1,12]],
"L11n76": [[6,1,7,2], [3,10,4,11], [15,5,16,22], [7,17,8,16], [17,20,18,21], [9,14,10,15], [19,13,20,12], [13,19,14,18], [21,9,22,8], [2,5,3,6], [11,4,12,1]],
"L11a77": [[6,1,7,2], [12,4,13,3], [14,12,15,11], [22,15,5,16], [16,7,17,8], [20,17,21,18], [18,10,19,9], [8,20,9,19], [10,21,11,22], [2,5,3,6], [4,14,1,13]],
"L11n77": [[6,1,7,2], [3,10,4,11], [7,20,8,21], [15,5,16,22], [21,17,22,16], [9,14,10,15], [13,19,14,18], [19,13,20,12], [17,8,18,9], [2,5,3,6], [11,4,12,1]],
"L11a78": [[6,1,7,2], [12,4,13,3], [14,12,15,11], [22,15,5,16], [16,7,17,8], [8,21,9,22], [18,10,19,9], [20,18,21,17], [10,20,11,19], [2,5,3,6], [4,14,1,13]],
"L11n78": [[6,1,7,2], [16,7,17,8], [18,9,19,10], [8,17,9,18], [19,1,20,4], [5,12,6,13], [3,10,4,11], [13,22,14,5], [21,14,22,15], [11,20,12,21], [2,16,3,15]],
"L11a79": [[6,1,7,2], [12,3,13,4], [16,8,17,7], [22,18,5,17], [18,14,19,13], [14,22,15,21], [20,10,21,9], [8,16,9,15], [10,20,11,19], [2,5,3,6], [4,11,1,12]],
"L11n79": [[6,1,7,2], [16,9,17,10], [4,21,1,22], [11,14,12,15], [3,10,4,11], [5,13,6,12], [13,5,14,22], [15,2,16,3], [20,18,21,17], [18,8,19,7], [8,20,9,19]],
"L11a80": [[6,1,7,2], [12,3,13,4], [16,8,17,7], [22,18,5,17], [18,14,19,13], [20,9,21,10], [14,20,15,19], [8,21,9,22], [10,16,11,15], [2,5,3,6], [4,11,1,12]],
"L11n80": [[6,1,7,2], [16,7,17,8], [18,9,19,10], [8,17,9,18], [19,1,20,4], [5,14,6,15], [3,10,4,11], [11,20,12,21], [13,22,14,5], [21,12,22,13], [2,16,3,15]],
"L11a81": [[6,1,7,2], [12,3,13,4], [18,13,19,14], [10,17,11,18], [8,21,9,22], [16,7,17,8], [20,9,21,10], [22,15,5,16], [14,19,15,20], [2,5,3,6], [4,11,1,12]],
"L11n81": [[6,1,7,2], [18,7,19,8], [20,9,21,10], [8,19,9,20], [4,21,1,22], [5,14,6,15], [10,4,11,3], [11,16,12,17], [15,12,16,13], [13,22,14,5], [2,18,3,17]],
"L11a82": [[6,1,7,2], [12,3,13,4], [16,8,17,7], [22,13,5,14], [14,17,15,18], [20,10,21,9], [18,21,19,22], [8,16,9,15], [10,20,11,19], [2,5,3,6], [4,11,1,12]],
"L11n82": [[6,1,7,2], [20,7,21,8], [4,21,1,22], [5,14,6,15], [3,10,4,11], [11,16,12,17], [15,12,16,13], [13,22,14,5], [18,9,19,10], [17,2,18,3], [8,19,9,20]],
"L11a83": [[6,1,7,2], [12,4,13,3], [16,8,17,7], [20,10,21,9], [22,18,5,17], [18,22,19,21], [8,20,9,19], [14,12,15,11], [10,16,11,15], [2,5,3,6], [4,14,1,13]],
"L11n83": [[6,1,7,2], [20,7,21,8], [4,21,1,22], [5,14,6,15], [10,4,11,3], [11,16,12,17], [15,12,16,13], [13,22,14,5], [18,9,19,10], [2,18,3,17], [8,19,9,20]],
"L11a84": [[6,1,7,2], [12,3,13,4], [18,8,19,7], [22,20,5,19], [20,16,21,15], [16,22,17,21], [14,10,15,9], [10,14,11,13], [8,18,9,17], [2,5,3,6], [4,11,1,12]],
"L11n84": [[6,1,7,2], [12,3,13,4], [14,8,15,7], [9,18,10,19], [19,5,20,22], [15,21,16,20], [21,17,22,16], [17,8,18,9], [10,14,11,13], [2,5,3,6], [4,11,1,12]],
"L11a85": [[6,1,7,2], [12,3,13,4], [14,10,15,9], [10,14,11,13], [20,15,21,16], [18,7,19,8], [8,19,9,20], [22,17,5,18], [16,21,17,22], [2,5,3,6], [4,11,1,12]],
"L11n85": [[6,1,7,2], [12,3,13,4], [14,8,15,7], [9,18,10,19], [22,19,5,20], [20,15,21,16], [16,21,17,22], [17,8,18,9], [10,14,11,13], [2,5,3,6], [4,11,1,12]],
"L11a86": [[6,1,7,2], [12,3,13,4], [14,10,15,9], [10,14,11,13], [20,17,21,18], [18,7,19,8], [8,19,9,20], [22,15,5,16], [16,21,17,22], [2,5,3,6], [4,11,1,12]],
"L11n86": [[6,1,7,2], [12,3,13,4], [14,8,15,7], [18,10,19,9], [19,5,20,22], [15,21,16,20], [21,17,22,16], [8,18,9,17], [10,14,11,13], [2,5,3,6], [4,11,1,12]],
"L11a87": [[6,1,7,2], [12,3,13,4], [10,14,11,13], [22,17,5,18], [18,7,19,8], [14,20,15,19], [16,10,17,9], [20,16,21,15], [8,21,9,22], [2,5,3,6], [4,11,1,12]],
"L11n87": [[6,1,7,2], [12,3,13,4], [14,8,15,7], [15,20,16,21], [9,19,10,18], [19,9,20,8], [17,22,18,5], [21,16,22,17], [10,14,11,13], [2,5,3,6], [4,11,1,12]],
"L11a88": [[6,1,7,2], [12,3,13,4], [18,8,19,7], [22,20,5,19], [20,14,21,13], [14,22,15,21], [16,10,17,9], [10,16,11,15], [8,18,9,17], [2,5,3,6], [4,11,1,12]],
"L11n88": [[6,1,7,2], [3,13,4,12], [7,16,8,17], [17,22,18,5], [9,15,10,14], [19,10,20,11], [21,9,22,8], [13,18,14,19], [15,21,16,20], [2,5,3,6], [11,1,12,4]],
"L11a89": [[6,1,7,2], [12,3,13,4], [16,10,17,9], [22,13,5,14], [14,21,15,22], [10,16,11,15], [20,17,21,18], [18,7,19,8], [8,19,9,20], [2,5,3,6], [4,11,1,12]],
"L11n89": [[6,1,7,2], [12,3,13,4], [7,16,8,17], [17,22,18,5], [9,15,10,14], [19,10,20,11], [21,9,22,8], [13,18,14,19], [15,21,16,20], [2,5,3,6], [4,11,1,12]],
"L11a90": [[6,1,7,2], [12,4,13,3], [18,8,19,7], [20,10,21,9], [22,15,5,16], [8,20,9,19], [16,21,17,22], [14,12,15,11], [10,18,11,17], [2,5,3,6], [4,14,1,13]],
"L11n90": [[6,1,7,2], [12,3,13,4], [7,16,8,17], [17,22,18,5], [14,9,15,10], [10,20,11,19], [21,9,22,8], [18,14,19,13], [20,15,21,16], [2,5,3,6], [4,11,1,12]],
"L11a91": [[6,1,7,2], [12,4,13,3], [18,8,19,7], [22,20,5,19], [20,9,21,10], [8,21,9,22], [16,11,17,12], [14,17,15,18], [10,15,11,16], [2,5,3,6], [4,14,1,13]],
"L11n91": [[6,1,7,2], [12,4,13,3], [7,16,8,17], [11,20,12,21], [17,22,18,5], [21,18,22,19], [19,10,20,11], [9,14,10,15], [15,8,16,9], [2,5,3,6], [4,14,1,13]],
"L11a92": [[6,1,7,2], [12,3,13,4], [20,8,21,7], [22,17,5,18], [18,21,19,22], [16,13,17,14], [14,9,15,10], [10,15,11,16], [8,20,9,19], [2,5,3,6], [4,11,1,12]],
"L11n92": [[6,1,7,2], [12,4,13,3], [7,16,8,17], [20,12,21,11], [22,18,5,17], [18,22,19,21], [10,20,11,19], [9,14,10,15], [15,8,16,9], [2,5,3,6], [4,14,1,13]],
"L11a93": [[6,1,7,2], [12,4,13,3], [20,8,21,7], [22,17,5,18], [18,21,19,22], [14,10,15,9], [16,12,17,11], [10,16,11,15], [8,20,9,19], [2,5,3,6], [4,14,1,13]],
"L11n93": [[6,1,7,2], [12,4,13,3], [16,8,17,7], [11,20,12,21], [17,22,18,5], [21,18,22,19], [19,10,20,11], [14,10,15,9], [8,16,9,15], [2,5,3,6], [4,14,1,13]],
"L11a94": [[6,1,7,2], [12,4,13,3], [20,8,21,7], [22,17,5,18], [18,21,19,22], [16,10,17,9], [14,12,15,11], [10,16,11,15], [8,20,9,19], [2,5,3,6], [4,14,1,13]],
"L11n94": [[6,1,7,2], [12,4,13,3], [9,14,10,15], [19,22,20,5], [11,21,12,20], [21,11,22,10], [15,19,16,18], [7,17,8,16], [17,9,18,8], [2,5,3,6], [4,14,1,13]],
"L11a95": [[6,1,7,2], [12,4,13,3], [14,12,15,11], [18,15,19,16], [16,9,17,10], [10,17,11,18], [22,19,5,20], [20,7,21,8], [8,21,9,22], [2,5,3,6], [4,14,1,13]],
"L11n95": [[6,1,7,2], [12,3,13,4], [7,16,8,17], [9,18,10,19], [17,8,18,9], [19,22,20,5], [13,20,14,21], [21,14,22,15], [15,10,16,11], [2,5,3,6], [4,11,1,12]],
"L11a96": [[6,1,7,2], [12,4,13,3], [20,8,21,7], [22,15,5,16], [16,21,17,22], [18,10,19,9], [14,12,15,11], [10,18,11,17], [8,20,9,19], [2,5,3,6], [4,14,1,13]],
"L11n96": [[6,1,7,2], [12,3,13,4], [7,16,8,17], [9,18,10,19], [17,8,18,9], [22,20,5,19], [20,14,21,13], [14,22,15,21], [15,10,16,11], [2,5,3,6], [4,11,1,12]],
"L11a97": [[6,1,7,2], [16,7,17,8], [20,17,21,18], [18,13,19,14], [14,19,15,20], [4,21,1,22], [10,5,11,6], [12,3,13,4], [22,11,5,12], [2,9,3,10], [8,15,9,16]],
"L11n97": [[6,1,7,2], [12,3,13,4], [16,8,17,7], [18,10,19,9], [8,18,9,17], [19,22,20,5], [13,20,14,21], [21,14,22,15], [10,16,11,15], [2,5,3,6], [4,11,1,12]],
"L11a98": [[6,1,7,2], [2,9,3,10], [12,3,13,4], [10,5,11,6], [22,11,5,12], [4,21,1,22], [18,14,19,13], [16,8,17,7], [8,18,9,17], [20,16,21,15], [14,20,15,19]],
"L11n98": [[6,1,7,2], [12,3,13,4], [13,21,14,20], [7,17,8,16], [9,19,10,18], [17,9,18,8], [19,11,20,10], [15,5,16,22], [21,15,22,14], [2,5,3,6], [4,11,1,12]],
"L11a99": [[6,1,7,2], [2,9,3,10], [12,3,13,4], [10,5,11,6], [22,11,5,12], [4,21,1,22], [18,16,19,15], [16,8,17,7], [8,18,9,17], [20,14,21,13], [14,20,15,19]],
"L11n99": [[6,1,7,2], [12,3,13,4], [13,21,14,20], [7,17,8,16], [19,9,20,8], [9,19,10,18], [17,11,18,10], [15,5,16,22], [21,15,22,14], [2,5,3,6], [4,11,1,12]],
"L11a100": [[6,1,7,2], [16,7,17,8], [18,9,19,10], [20,11,21,12], [8,17,9,18], [10,19,11,20], [4,21,1,22], [14,6,15,5], [12,4,13,3], [22,14,5,13], [2,16,3,15]],
"L11n100": [[6,1,7,2], [12,3,13,4], [20,13,21,14], [7,17,8,16], [19,9,20,8], [9,19,10,18], [17,11,18,10], [22,15,5,16], [14,21,15,22], [2,5,3,6], [4,11,1,12]],
"L11a101": [[6,1,7,2], [16,7,17,8], [20,11,21,12], [8,19,9,20], [18,9,19,10], [10,17,11,18], [4,21,1,22], [14,6,15,5], [12,4,13,3], [22,14,5,13], [2,16,3,15]],
"L11n101": [[6,1,7,2], [12,3,13,4], [13,21,14,20], [16,7,17,8], [8,19,9,20], [18,9,19,10], [10,17,11,18], [15,5,16,22], [21,15,22,14], [2,5,3,6], [4,11,1,12]],
"L11a102": [[6,1,7,2], [18,7,19,8], [20,9,21,10], [8,19,9,20], [4,21,1,22], [14,6,15,5], [12,4,13,3], [22,14,5,13], [16,11,17,12], [2,16,3,15], [10,17,11,18]],
"L11n102": [[6,1,7,2], [3,13,4,12], [7,16,8,17], [17,22,18,5], [13,18,14,19], [21,14,22,15], [9,20,10,21], [15,8,16,9], [19,10,20,11], [2,5,3,6], [11,1,12,4]],
"L11a103": [[6,1,7,2], [20,7,21,8], [4,21,1,22], [14,6,15,5], [12,4,13,3], [22,14,5,13], [18,9,19,10], [16,11,17,12], [2,16,3,15], [10,17,11,18], [8,19,9,20]],
"L11n103": [[6,1,7,2], [12,3,13,4], [7,16,8,17], [17,22,18,5], [13,18,14,19], [21,14,22,15], [9,20,10,21], [15,8,16,9], [19,10,20,11], [2,5,3,6], [4,11,1,12]],
"L11a104": [[6,1,7,2], [2,9,3,10], [12,3,13,4], [20,11,21,12], [18,6,19,5], [22,20,5,19], [10,21,11,22], [4,17,1,18], [16,14,17,13], [14,8,15,7], [8,16,9,15]],
"L11n104": [[6,1,7,2], [12,3,13,4], [7,16,8,17], [22,18,5,17], [18,14,19,13], [21,14,22,15], [9,20,10,21], [15,8,16,9], [19,10,20,11], [2,5,3,6], [4,11,1,12]],
"L11a105": [[6,1,7,2], [14,3,15,4], [16,8,17,7], [18,10,19,9], [8,18,9,17], [22,20,5,19], [20,11,21,12], [10,21,11,22], [12,16,13,15], [2,5,3,6], [4,13,1,14]],
"L11n105": [[6,1,7,2], [3,13,4,12], [7,16,8,17], [17,22,18,5], [13,18,14,19], [9,21,10,20], [19,14,20,15], [21,9,22,8], [15,10,16,11], [2,5,3,6], [11,1,12,4]],
"L11a106": [[6,1,7,2], [14,3,15,4], [16,8,17,7], [22,18,5,17], [18,9,19,10], [8,21,9,22], [20,11,21,12], [10,19,11,20], [12,16,13,15], [2,5,3,6], [4,13,1,14]],
"L11n106": [[6,1,7,2], [12,3,13,4], [7,16,8,17], [17,22,18,5], [13,18,14,19], [9,21,10,20], [19,14,20,15], [21,9,22,8], [15,10,16,11], [2,5,3,6], [4,11,1,12]],
"L11a107": [[6,1,7,2], [14,3,15,4], [22,15,5,16], [16,7,17,8], [18,9,19,10], [20,11,21,12], [8,17,9,18], [10,19,11,20], [12,21,13,22], [2,5,3,6], [4,13,1,14]],
"L11n107": [[6,1,7,2], [3,13,4,12], [13,19,14,18], [17,11,18,10], [21,9,22,8], [7,17,8,16], [9,21,10,20], [15,5,16,22], [19,15,20,14], [2,5,3,6], [11,1,12,4]],
"L11a108": [[6,1,7,2], [14,3,15,4], [22,15,5,16], [16,7,17,8], [18,9,19,10], [8,17,9,18], [10,21,11,22], [20,11,21,12], [12,19,13,20], [2,5,3,6], [4,13,1,14]],
"L11n108": [[6,1,7,2], [12,3,13,4], [13,19,14,18], [17,11,18,10], [21,9,22,8], [7,17,8,16], [9,21,10,20], [15,5,16,22], [19,15,20,14], [2,5,3,6], [4,11,1,12]],
"L11a109": [[6,1,7,2], [14,3,15,4], [22,15,5,16], [16,7,17,8], [8,21,9,22], [20,11,21,12], [18,9,19,10], [10,19,11,20], [12,17,13,18], [2,5,3,6], [4,13,1,14]],
"L11n109": [[6,1,7,2], [12,3,13,4], [7,18,8,19], [19,22,20,5], [13,20,14,21], [21,14,22,15], [9,16,10,17], [15,10,16,11], [17,8,18,9], [2,5,3,6], [4,11,1,12]],
"L11a110": [[6,1,7,2], [14,4,15,3], [16,8,17,7], [18,10,19,9], [20,12,21,11], [22,14,5,13], [8,18,9,17], [10,20,11,19], [12,22,13,21], [2,5,3,6], [4,16,1,15]],
"L11n110": [[6,1,7,2], [3,12,4,13], [7,18,8,19], [19,22,20,5], [9,21,10,20], [21,9,22,8], [11,17,12,16], [17,15,18,14], [15,11,16,10], [2,5,3,6], [13,4,14,1]],
"L11a111": [[6,1,7,2], [14,4,15,3], [16,8,17,7], [18,10,19,9], [22,14,5,13], [8,18,9,17], [10,22,11,21], [20,12,21,11], [12,20,13,19], [2,5,3,6], [4,16,1,15]],
"L11n111": [[6,1,7,2], [3,12,4,13], [7,18,8,19], [19,22,20,5], [9,21,10,20], [21,9,22,8], [16,11,17,12], [14,17,15,18], [10,15,11,16], [2,5,3,6], [13,4,14,1]],
"L11a112": [[6,1,7,2], [14,4,15,3], [16,8,17,7], [22,14,5,13], [8,22,9,21], [20,12,21,11], [18,10,19,9], [10,20,11,19], [12,18,13,17], [2,5,3,6], [4,16,1,15]],
"L11n112": [[6,1,7,2], [12,4,13,3], [7,18,8,19], [19,22,20,5], [9,21,10,20], [21,9,22,8], [11,17,12,16], [17,15,18,14], [15,11,16,10], [2,5,3,6], [4,14,1,13]],
"L11a113": [[6,1,7,2], [14,3,15,4], [16,8,17,7], [22,12,5,11], [8,22,9,21], [18,9,19,10], [20,17,21,18], [10,19,11,20], [12,16,13,15], [2,5,3,6], [4,13,1,14]],
"L11n113": [[6,1,7,2], [12,4,13,3], [7,18,8,19], [19,22,20,5], [9,21,10,20], [21,9,22,8], [16,11,17,12], [14,17,15,18], [10,15,11,16], [2,5,3,6], [4,14,1,13]],
"L11a114": [[6,1,7,2], [14,4,15,3], [16,8,17,7], [20,14,21,13], [22,12,5,11], [12,22,13,21], [8,20,9,19], [18,10,19,9], [10,18,11,17], [2,5,3,6], [4,16,1,15]],
"L11n114": [[6,1,7,2], [12,4,13,3], [18,8,19,7], [22,20,5,19], [20,9,21,10], [8,21,9,22], [11,17,12,16], [17,15,18,14], [15,11,16,10], [2,5,3,6], [4,14,1,13]],
"L11a115": [[6,1,7,2], [14,3,15,4], [16,8,17,7], [22,18,5,17], [18,11,19,12], [20,9,21,10], [10,19,11,20], [8,21,9,22], [12,16,13,15], [2,5,3,6], [4,13,1,14]],
"L11n115": [[6,1,7,2], [12,3,13,4], [20,8,21,7], [22,17,5,18], [18,21,19,22], [13,17,14,16], [9,15,10,14], [15,11,16,10], [8,20,9,19], [2,5,3,6], [4,11,1,12]],
"L11a116": [[6,1,7,2], [14,3,15,4], [22,15,5,16], [16,7,17,8], [8,21,9,22], [20,9,21,10], [18,11,19,12], [12,17,13,18], [10,19,11,20], [2,5,3,6], [4,13,1,14]],
"L11n116": [[6,1,7,2], [7,17,8,16], [20,17,21,18], [18,13,19,14], [14,19,15,20], [4,21,1,22], [10,5,11,6], [12,3,13,4], [22,11,5,12], [2,9,3,10], [15,9,16,8]],
"L11a117": [[6,1,7,2], [14,4,15,3], [16,8,17,7], [22,14,5,13], [8,22,9,21], [20,10,21,9], [18,12,19,11], [12,18,13,17], [10,20,11,19], [2,5,3,6], [4,16,1,15]],
"L11n117": [[6,1,7,2], [16,7,17,8], [17,21,18,20], [13,19,14,18], [19,15,20,14], [4,21,1,22], [10,5,11,6], [12,3,13,4], [22,11,5,12], [2,9,3,10], [8,15,9,16]],
"L11a118": [[6,1,7,2], [14,3,15,4], [16,10,17,9], [20,11,21,12], [8,21,9,22], [18,7,19,8], [12,19,13,20], [10,16,11,15], [22,17,5,18], [2,5,3,6], [4,13,1,14]],
"L11n118": [[6,1,7,2], [3,15,4,14], [9,16,10,17], [11,21,12,20], [21,9,22,8], [7,19,8,18], [19,13,20,12], [15,10,16,11], [17,5,18,22], [2,5,3,6], [13,1,14,4]],
"L11a119": [[6,1,7,2], [14,3,15,4], [18,8,19,7], [22,20,5,19], [20,11,21,12], [10,21,11,22], [16,10,17,9], [12,16,13,15], [8,18,9,17], [2,5,3,6], [4,13,1,14]],
"L11n119": [[6,1,7,2], [3,15,4,14], [16,10,17,9], [11,21,12,20], [21,9,22,8], [7,19,8,18], [19,13,20,12], [10,16,11,15], [17,5,18,22], [2,5,3,6], [13,1,14,4]],
"L11a120": [[6,1,7,2], [14,3,15,4], [22,15,5,16], [18,7,19,8], [10,21,11,22], [20,11,21,12], [12,19,13,20], [16,9,17,10], [8,17,9,18], [2,5,3,6], [4,13,1,14]],
"L11n120": [[6,1,7,2], [14,3,15,4], [9,16,10,17], [11,21,12,20], [21,9,22,8], [7,19,8,18], [19,13,20,12], [15,10,16,11], [17,5,18,22], [2,5,3,6], [4,13,1,14]],
"L11a121": [[6,1,7,2], [14,3,15,4], [18,8,19,7], [22,20,5,19], [20,9,21,10], [8,21,9,22], [12,18,13,17], [16,12,17,11], [10,16,11,15], [2,5,3,6], [4,13,1,14]],
"L11n121": [[6,1,7,2], [14,3,15,4], [16,10,17,9], [11,21,12,20], [21,9,22,8], [7,19,8,18], [19,13,20,12], [10,16,11,15], [17,5,18,22], [2,5,3,6], [4,13,1,14]],
"L11a122": [[6,1,7,2], [14,3,15,4], [18,8,19,7], [22,20,5,19], [20,9,21,10], [8,21,9,22], [16,12,17,11], [12,16,13,15], [10,18,11,17], [2,5,3,6], [4,13,1,14]],
"L11n122": [[6,1,7,2], [14,3,15,4], [16,10,17,9], [11,21,12,20], [21,9,22,8], [7,19,8,18], [19,13,20,12], [10,16,11,15], [22,17,5,18], [2,5,3,6], [4,13,1,14]],
"L11a123": [[6,1,7,2], [14,3,15,4], [16,12,17,11], [12,16,13,15], [22,17,5,18], [18,7,19,8], [20,9,21,10], [8,19,9,20], [10,21,11,22], [2,5,3,6], [4,13,1,14]],
"L11n123": [[6,1,7,2], [14,3,15,4], [9,16,10,17], [20,11,21,12], [8,21,9,22], [18,7,19,8], [12,19,13,20], [15,10,16,11], [22,17,5,18], [2,5,3,6], [4,13,1,14]],
"L11a124": [[6,1,7,2], [14,3,15,4], [16,12,17,11], [12,16,13,15], [22,17,5,18], [18,7,19,8], [8,21,9,22], [20,9,21,10], [10,19,11,20], [2,5,3,6], [4,13,1,14]],
"L11n124": [[6,1,7,2], [3,15,4,14], [9,22,10,5], [7,19,8,18], [17,9,18,8], [19,13,20,12], [11,21,12,20], [15,10,16,11], [21,16,22,17], [2,5,3,6], [13,1,14,4]],
"L11a125": [[6,1,7,2], [14,4,15,3], [18,8,19,7], [20,10,21,9], [22,12,5,11], [8,20,9,19], [10,22,11,21], [16,14,17,13], [12,18,13,17], [2,5,3,6], [4,16,1,15]],
"L11n125": [[6,1,7,2], [14,3,15,4], [9,22,10,5], [7,19,8,18], [17,9,18,8], [19,13,20,12], [11,21,12,20], [15,10,16,11], [21,16,22,17], [2,5,3,6], [4,13,1,14]],
"L11a126": [[6,1,7,2], [14,4,15,3], [18,8,19,7], [22,12,5,11], [8,22,9,21], [20,10,21,9], [10,20,11,19], [16,14,17,13], [12,18,13,17], [2,5,3,6], [4,16,1,15]],
